19621,4168410.439999993,0.00043196383505577425,0.55758,0,7675206.5,19.254619598388672,2.4958269596099854
19622,2108257.939999991,0.00046652094186023623,0.55756,6,1893339.5,19.25213050842285,11.715618133544922
19623,819032.419999988,0.0004711861512788386,0.5575399999999999,4,7831664.0,19.25072479248047,8.699710845947266
19624,0.0,0.0004570505667404734,0.5575199999999999,1,7895246.0,19.249271392822266,12.252680778503418
19625,0.0,0.0004570505667404734,0.5574999999999999,3,55041.46484375,19.246870040893555,8.42806339263916
19626,0.0,0.0004204865214012356,0.55748,0,4496803.0,23.485912322998047,11.821683883666992
19627,0.0,0.00038684759968913673,0.5574599999999998,0,710982.8125,22.02345848083496,11.31434440612793
19628,0.0,0.0003752421716984626,0.5574399999999999,1,498419.1875,22.67793846130371,8.38990592956543
19629,0.0,0.0003789945934154472,0.5574199999999999,4,71290944.0,24.235780715942383,4.348423957824707
19630,0.0,0.0003752046474812927,0.5573999999999999,2,8344102.5,24.116212844848633,10.485553741455078
19631,0.0,0.00040522101927979617,0.55738,6,19439716.0,24.468164443969727,8.390422821044922
19632,0.0,0.00040522101927979617,0.5573599999999999,3,78448384.0,24.18954849243164,7.656272888183594
19633,0.0,0.00041737764985819007,0.55734,5,19115488.0,24.637252807617188,5.244067192077637
19634,0.0,0.00040485632036244435,0.5573199999999999,1,2836706.25,24.53221321105957,6.253848075866699
19635,0.0,0.00041700200997331767,0.5572999999999999,5,10527925.0,25.03036880493164,2.9421706199645996
19636,0.0,0.00041700200997331767,0.55728,3,156541504.0,24.661710739135742,2.648771286010742
19637,0.0,0.00042117203007305086,0.5572599999999999,4,6637891.5,24.79926872253418,13.807611465454102
19638,0.0,0.0004338071909752424,0.55724,5,35255812.0,24.613924026489258,3.427175998687744
19639,0.0,0.0004685117662532618,0.5572199999999999,6,15823353.0,24.426498413085938,6.132877826690674
19640,0.0,0.0004825671192408597,0.5571999999999999,5,131154416.0,24.276823043823242,8.542373657226562
19641,0.0,0.0004680901056636339,0.5571799999999999,1,230181.453125,24.164278030395508,11.547449111938477
19642,0.0,0.00046340920460699754,0.5571599999999999,2,3630197.0,24.376667022705078,3.9573986530303955
19643,0.0,0.0004495069284687876,0.55714,1,7264512.5,24.13916778564453,8.716046333312988
19644,0.0,0.0004450118591840997,0.55712,2,3702622.0,24.187084197998047,6.986147403717041
19645,0.0,0.0004316615034085767,0.5570999999999999,1,350901888.0,24.135150909423828,6.023229598999023
19646,0.0,0.0003971285831358906,0.5570799999999999,0,10736225.0,24.2020206451416,9.062275886535645
19647,0.0,0.0003852147256418139,0.5570599999999999,1,22622218.0,24.233707427978516,9.795889854431152
19648,0.0,0.00038136257838539573,0.55704,2,44550976.0,24.234888076782227,3.926762819290161
19649,0.0,0.00037754895260154177,0.5570199999999998,2,216494256.0,24.327606201171875,9.29637336730957
19650,0.0,0.00037377346307552637,0.5569999999999999,2,318369856.0,24.315217971801758,17.504955291748047
19651,0.0,0.00037377346307552637,0.5569799999999999,3,1010777.5,24.35711669921875,5.0340576171875
19652,0.0,0.00036256025918326057,0.5569599999999999,1,702478.75,24.281906127929688,10.709049224853516
19653,0.0,0.00036256025918326057,0.55694,3,7981228.0,24.289072036743164,10.736360549926758
19654,0.0,0.00035893465659142797,0.5569199999999999,2,42286692.0,24.21575927734375,2.468557596206665
19655,0.0,0.00035893465659142797,0.5569,3,24044790.0,24.254966735839844,8.671436309814453
19656,0.0,0.00035893465659142797,0.5568799999999999,3,716988.1875,24.255573272705078,5.749522686004639
19657,0.0,0.0003302198840641138,0.5568599999999999,0,542165184.0,24.308958053588867,6.472010135650635
19658,0.0,0.0003038022933389847,0.55684,0,22697330.0,24.404796600341797,8.134982109069824
19659,0.0,0.0003038022933389847,0.5568199999999999,3,99247304.0,24.512975692749023,5.382058620452881
19660,0.0,0.00030684031627237456,0.5568,4,2411144.0,24.4816837310791,9.500375747680664
19661,0.0,0.0003313875415741646,0.5567799999999999,6,347394880.0,24.476680755615234,7.672844409942627
19662,0.0,0.00035789854490009775,0.5567599999999999,6,38782348.0,24.415231704711914,10.426220893859863
19663,0.0,0.0003471615885530948,0.5567399999999999,1,84711592.0,24.353086471557617,7.725286483764648
19664,0.0,0.00033674674089650194,0.5567199999999999,1,117361400.0,24.444427490234375,2.9913504123687744
19665,0.0,0.00036368648016822213,0.5567,6,178497584.0,24.416566848754883,7.027479648590088
19666,0.0,0.00036368648016822213,0.5566799999999998,3,24404064.0,24.33732032775879,6.552985191345215
19667,0.0,0.00033459156175476436,0.5566599999999999,0,341085024.0,24.411338806152344,5.168428897857666
19668,0.0,0.00033124564613721673,0.5566399999999999,2,28161086.0,24.443281173706055,7.295500755310059
19669,0.0,0.00032793318967584456,0.5566199999999999,2,5623957.0,24.389129638671875,3.195932626724243
19670,0.0,0.00035416784484991216,0.5566,6,254981664.0,24.455476760864258,2.7970776557922363
19671,0.0,0.0003647928801954095,0.5565799999999999,5,168589424.0,24.416847229003906,7.709238529205322
19672,0.0,0.00036114495139345543,0.5565599999999999,2,19638136.0,24.45594024658203,5.583670616149902
19673,0.0,0.00035031060285165174,0.5565399999999999,1,44745348.0,24.498003005981445,8.53940200805664
19674,0.0,0.00034680749682313523,0.5565199999999999,2,121793696.0,24.548086166381836,6.410287380218506
19675,0.0,0.0003502755717913666,0.5565,4,356984896.0,24.504262924194336,8.344736099243164
19676,0.0,0.00035377832750928023,0.5564799999999999,4,10278661.0,24.417741775512695,7.622292518615723
19677,0.0,0.00035377832750928023,0.55646,3,2753385.25,24.264646530151367,11.950166702270508
19678,0.0,0.00035731611078437304,0.5564399999999999,4,29683928.0,24.181652069091797,6.855027198791504
19679,0.0,0.00035731611078437304,0.5564199999999999,3,18362630.0,24.058706283569336,13.982476234436035
19680,0.0,0.00035731611078437304,0.5564,3,31720118.0,23.91542625427246,10.642736434936523
19681,0.0,0.00036803559410790427,0.5563799999999999,5,34902332.0,23.849273681640625,5.591253757476807
19682,0.0,0.00036803559410790427,0.55636,3,7927334.5,23.76784324645996,8.234848022460938
19683,0.0,0.00036803559410790427,0.55634,3,18829176.0,23.807435989379883,7.8073015213012695
19684,0.0,0.00036803559410790427,0.5563199999999999,3,84107488.0,23.9222354888916,7.354348659515381
19685,0.0,0.00036803559410790427,0.5562999999999999,3,222019680.0,24.049427032470703,7.103869915008545
19686,0.0,0.0003643552381668252,0.5562799999999999,2,8105978.0,24.124675750732422,11.645602226257324
19687,0.0,0.0003534245810218204,0.55626,1,6701368.0,24.21466827392578,8.487879753112793
19688,0.0,0.00034282184359116577,0.5562399999999998,1,37828092.0,24.344093322753906,3.357801914215088
19689,0.0,0.0003325371882834308,0.5562199999999999,1,13499915.0,24.400211334228516,10.529850959777832
19690,0.0,0.0003358625601662651,0.5561999999999999,4,102929792.0,24.465436935424805,6.779375076293945
19691,0.0,0.000345938436971253,0.5561799999999999,5,442063936.0,24.493900299072266,3.731694221496582
19692,0.0,0.0003182633620135528,0.55616,0,2145804.75,24.465312957763672,13.959281921386719
19693,0.0,0.0003278112628739594,0.5561399999999999,5,20886928.0,24.507431030273438,3.6398775577545166
19694,0.0,0.0003015863618440427,0.55612,0,5220414.0,24.395687103271484,11.327229499816895
19695,0.0,0.0002925387709887214,0.5560999999999999,1,10752574.0,24.197805404663086,14.536855697631836
19696,0.0,0.00026913566930962367,0.5560799999999999,0,197636672.0,24.035062789916992,4.625287055969238
19697,0.0,0.0002664443126165274,0.55606,2,185482464.0,23.924854278564453,6.738201141357422
19698,0.0,0.00024512876760720523,0.5560399999999999,0,4601036.0,23.81675910949707,8.551379203796387
19699,0.0,0.00023777490457898906,0.55602,1,3512457.25,23.718320846557617,7.085506916046143
19700,0.0,0.0002306416574416194,0.5559999999999999,1,5392811.5,23.734386444091797,7.590866565704346
19701,0.0,0.0002306416574416194,0.5559799999999999,3,32615690.0,23.747591018676758,7.439683437347412
19702,0.0,0.00021219032484628985,0.5559599999999999,0,8202251.0,23.84469985961914,6.455387592315674
19703,0.0,0.00020582461510090116,0.5559399999999999,1,12084385.0,23.946897506713867,5.895754337310791
19704,0.0,0.00020788286125191017,0.55592,4,262628.6875,24.11623191833496,7.362146377563477
19705,0.0,0.00020996168986442927,0.5559,4,109217.765625,24.349716186523438,5.4488935470581055
19706,0.0,0.00021206130676307356,0.5558799999999999,4,29421128.0,24.56978988647461,2.038196563720703
19707,0.0,0.0002141819198307043,0.5558599999999999,4,23889938.0,24.699710845947266,7.006725311279297
19708,0.0,0.00021632373902901136,0.5558399999999999,4,352951.5,24.785625457763672,6.626856327056885
19709,0.0,0.00021848697641930147,0.55582,4,3883948.25,24.70479965209961,10.70751953125
19710,0.0,0.00022504158571188052,0.5557999999999998,5,1134908.125,24.537479400634766,11.506266593933105
19711,0.0,0.00022729200156899933,0.5557799999999999,4,11521057.0,24.247222900390625,5.657910346984863
19712,0.0,0.0002295649215846893,0.5557599999999999,4,49178880.0,23.752412796020508,8.360210418701172
19713,0.0,0.00022726927236884243,0.5557399999999999,2,3101036.5,23.284263610839844,8.035581588745117
19714,0.0,0.00022726927236884243,0.55572,3,20454140.0,22.865921020507812,4.698694229125977
19715,0.0,0.00022045119419777714,0.5556999999999999,1,218240.046875,22.48958969116211,8.32435131072998
19716,2928391.669999987,0.000546821465338287,0.55568,6,3154683.0,22.105796813964844,8.533166885375977
19717,2322289.7899999875,0.00059056718256535,0.5556599999999999,6,4502744.0,19.16631317138672,11.607073783874512
19718,886614.1399999859,0.0005964728543910035,0.5556399999999999,4,10608741.0,19.16508674621582,7.773878574371338
19719,626869.369999986,0.0006024375829349135,0.55562,4,265543.46875,19.16204071044922,7.263521671295166
19720,0.0,0.0006205107104229609,0.5555999999999999,5,14072985.0,19.159704208374023,5.794300079345703
19721,0.0,0.0006143056033187313,0.55558,2,7546243.5,19.158464431762695,7.725998878479004
19722,0.0,0.0005651611550532328,0.5555599999999999,0,2858486.5,23.210491180419922,9.484786987304688
19723,0.0,0.0005482063204016359,0.5555399999999999,1,7716214.5,22.228666305541992,6.449028968811035
19724,0.0,0.0005317601307895868,0.5555199999999999,1,212101472.0,24.069786071777344,5.706118583679199
19725,0.0,0.0005743009412527537,0.5554999999999999,6,1872224.25,24.915685653686523,4.638693332672119
19726,0.0,0.0005685579318402262,0.55548,2,15415396.0,24.842029571533203,4.323136329650879
19727,0.0,0.0005515011938850194,0.5554599999999998,1,10259438.0,25.204309463500977,14.358776092529297
19728,0.0,0.0005349561580684689,0.5554399999999999,1,372394144.0,25.26085090637207,6.278545379638672
19729,0.0,0.0005349561580684689,0.5554199999999999,3,2591164.5,25.197904586791992,5.001560688018799
19730,0.0,0.0005349561580684689,0.5553999999999999,3,9030150.0,25.045608520507812,1.3693492412567139
19731,0.0,0.000551004842810523,0.55538,5,3545331.75,25.07080078125,4.136770248413086
19732,0.0,0.0005454947943824178,0.5553599999999999,2,11927918.0,24.88273048400879,4.738569259643555
19733,0.0,0.0005454947943824178,0.55534,3,81594.84375,25.071083068847656,8.28689193725586
19734,0.0,0.0005618596382138903,0.5553199999999999,5,30824902.0,24.916532516479492,2.1149020195007324
19735,0.0,0.0006068084092710016,0.5552999999999999,6,70736064.0,24.741012573242188,3.694053888320923
19736,0.0,0.0006068084092710016,0.55528,3,5220536.5,24.634634017944336,9.058375358581543
19737,0.0,0.0006007403251782915,0.5552599999999999,2,56996796.0,24.641971588134766,4.813521385192871
19738,0.0,0.0005526810991640282,0.55524,0,59866628.0,24.609325408935547,4.51456880569458
19739,0.0,0.0005084666112309059,0.5552199999999999,0,74895112.0,24.65829086303711,7.533899307250977
19740,0.0,0.0005491439401293784,0.5551999999999999,6,14713090.0,24.559640884399414,5.3882856369018555
19741,0.0,0.0005656182583332598,0.5551799999999999,5,4175938.75,24.204612731933594,6.945866107940674
19742,0.0,0.0005825868060832576,0.5551599999999999,5,8931474.0,24.22317123413086,5.038959980010986
19743,0.0,0.0005651092019007598,0.55514,1,108793.703125,24.183696746826172,9.29257869720459
19744,0.0,0.0005820624779577827,0.55512,5,258784336.0,24.287620544433594,10.15125846862793
19745,0.0,0.0005995243522965162,0.5550999999999999,5,504185.71875,24.17911720275879,2.9406607151031494
19746,0.0,0.0005995243522965162,0.5550799999999999,3,48482640.0,24.187238693237305,8.241961479187012
19747,0.0,0.0005815386217276207,0.5550599999999999,1,228486144.0,24.253198623657227,7.429497718811035
19748,0.0,0.0005350155319894111,0.55504,0,10706173.0,24.388835906982422,8.028748512268066
19749,0.0,0.0005350155319894111,0.5550199999999998,3,30750788.0,24.454002380371094,7.906256198883057
19750,0.0,0.0004922142894302582,0.5549999999999999,0,22821980.0,24.461402893066406,5.165800094604492
19751,0.0,0.00045283714627583757,0.5549799999999999,0,11411914.0,24.616273880004883,4.5897064208984375
19752,0.0,0.0004890641179779046,0.5549599999999999,6,2794641.5,24.63568687438965,10.291269302368164
19753,0.0,0.0005281892474161369,0.55494,6,2469709.25,24.58453941345215,4.579104900360107
19754,0.0,0.000570444387209428,0.5549199999999999,6,64701892.0,24.638784408569336,4.8065996170043945
19755,0.0,0.0005248088362326738,0.5549,0,9043914.0,24.709009170532227,1.8449569940567017
19756,0.0,0.0005667935431312878,0.5548799999999999,6,12006297.0,24.767398834228516,6.0419182777404785
19757,0.0,0.0006121370265817908,0.5548599999999999,6,45586656.0,24.615936279296875,11.819883346557617
19758,0.0,0.0006611079887083341,0.55484,6,1735358.125,24.410675048828125,7.754703998565674
19759,0.0,0.0006809412283695842,0.5548199999999999,5,5775202.0,24.23244857788086,6.896047592163086
19760,0.0,0.0007013694652206717,0.5548,5,810739.5,24.0839786529541,5.304924964904785
19761,0.0,0.0007224105491772919,0.5547799999999999,5,17156432.0,23.993974685668945,4.525460720062256
19762,0.0,0.0007802033931114753,0.5547599999999999,6,358843.4375,23.917139053344727,11.034441947937012
19763,0.0,0.0007802033931114753,0.5547399999999999,3,22177498.0,23.75320053100586,17.94870948791504
19764,0.0,0.0008036094949048195,0.5547199999999999,5,171401.5,23.74427032470703,5.507140159606934
19765,0.0,0.000779501210057675,0.5547,1,1146786.5,23.7427921295166,8.974272727966309
19766,0.0,0.000717141113253061,0.55468,0,128761288.0,23.768766403198242,10.847594261169434
19767,0.0,0.0006597698241928161,0.5546599999999999,0,13329358.0,23.815479278564453,8.040279388427734
19768,0.0,0.0006069882382573909,0.5546399999999999,0,56374752.0,23.88460922241211,9.66658878326416
19769,0.0,0.0006009183558748169,0.5546199999999999,2,20659918.0,24.023681640625,5.656131744384766
19770,0.0,0.0006189459065510614,0.5546,5,12126843.0,24.207433700561523,5.721095085144043
19771,0.0,0.0006127564474855508,0.5545799999999999,2,2904467.5,24.440475463867188,5.088376998901367
19772,0.0,0.0006188840119604063,0.5545599999999999,4,18684870.0,24.69735336303711,2.90590763092041
19773,0.0,0.0006126951718408022,0.5545399999999999,2,143626928.0,24.84364891052246,9.682934761047363
19774,0.0,0.0006065682201223942,0.5545199999999999,2,1254378.5,24.941377639770508,6.127529144287109
19775,0.0,0.0005580427625126027,0.5545,0,5302754.0,24.958070755004883,6.224368572235107
19776,0.0,0.0005413014796372246,0.5544799999999999,1,199264368.0,24.912822723388672,2.759183883666992
19777,0.0,0.0005250624352481078,0.55446,1,9941011.0,24.772356033325195,7.483203887939453
19778,0.0,0.0005093105621906646,0.5544399999999999,1,1177892.75,24.66933250427246,4.535163879394531
19779,0.0,0.0005144036678125713,0.5544199999999999,4,7320241.0,24.594005584716797,4.08294677734375
19780,0.0,0.0005144036678125713,0.5544,3,335840672.0,24.463090896606445,6.655298233032227
19781,0.0,0.0004732513743875656,0.5543799999999999,0,8185614.0,24.404983520507812,3.247424840927124
19782,0.0,0.00046851886064368996,0.55436,2,38603200.0,24.377199172973633,5.723119258880615
19783,0.0,0.00046851886064368996,0.5543399999999999,3,6781487.0,24.433504104614258,1.6326788663864136
19784,0.0,0.00047320404925012684,0.5543199999999999,4,15415781.0,24.41643524169922,10.547090530395508
19785,0.0,0.000511060373190137,0.5542999999999999,6,408154784.0,24.478090286254883,3.2912769317626953
19786,0.0,0.0005161709769220384,0.5542799999999999,4,4650638.5,24.527149200439453,5.283252716064453
19787,0.0,0.0005213326866912588,0.55426,4,20279024.0,24.607166290283203,4.841550827026367
19788,0.0,0.0005213326866912588,0.5542399999999998,3,10412916.0,24.66263198852539,4.342756271362305
19789,0.0,0.0005213326866912588,0.5542199999999999,3,64477480.0,24.722427368164062,2.1886587142944336
19790,0.0,0.0005213326866912588,0.5541999999999999,3,3425917.0,24.8382511138916,1.7020021677017212
19791,0.0,0.0005213326866912588,0.5541799999999999,3,103944.640625,24.91338348388672,4.495770454406738
19792,0.0,0.0005630393016265595,0.55416,6,20080046.0,24.971994400024414,6.118656635284424
19793,0.0,0.0006080824457566843,0.5541399999999999,6,6666641.5,24.781381607055664,14.527345657348633
19794,0.0,0.0006080824457566843,0.55412,3,18769420.0,24.438257217407227,16.976112365722656
19795,0.0,0.0006080824457566843,0.5540999999999999,3,8213792.0,24.175281524658203,3.247023344039917
19796,0.0,0.0006263249191293848,0.5540799999999999,5,6834278.0,23.9591121673584,5.124990463256836
19797,0.0,0.0006075351715555033,0.55406,1,3025355.25,23.77431297302246,7.811164379119873
19798,0.0,0.000558932357831063,0.5540399999999999,0,5367361.0,23.592124938964844,11.15785026550293
19799,0.0,0.0005645216814093736,0.55402,4,82696472.0,23.586074829101562,6.892520904541016
19800,0.0,0.0005645216814093736,0.5539999999999999,3,2227514.5,23.72630500793457,5.513254642486572
19801,0.0,0.0005701668982234674,0.5539799999999999,4,192452192.0,23.881366729736328,5.261199951171875
19802,0.0,0.0005758685672057021,0.5539599999999999,4,29894842.0,24.107833862304688,6.809293746948242
19803,0.0,0.0005816272528777591,0.5539399999999999,4,24389448.0,24.238296508789062,10.791566848754883
19804,0.0,0.0005350970726475384,0.55392,0,47804924.0,24.33229637145996,8.788864135742188
19805,0.0,0.0004922893068357353,0.5539,0,15676718.0,24.377344131469727,3.838650941848755
19806,0.0,0.0005070579860408074,0.5538799999999999,5,113562.140625,24.374759674072266,5.494405269622803
19807,0.0,0.0005070579860408074,0.5538599999999999,3,663018.9375,24.218809127807617,4.137665748596191
19808,0.0,0.0005019874061803993,0.5538399999999999,2,3762431.25,23.992191314697266,5.066436290740967
19809,0.0,0.0004969675321185952,0.55382,2,6573807.0,23.774673461914062,10.365866661071777
19810,4961987.440000007,0.000575679070202518,0.5537999999999998,4,28659050.0,23.512399673461914,4.678454875946045
19811,3532364.920000008,0.0006217333958187195,0.5537799999999999,6,57296588.0,19.210111618041992,6.756352424621582
19812,2460801.80000001,0.0006714720674842171,0.5537599999999999,6,4376904.5,19.213354110717773,10.213027954101562
19813,509291.97000000835,0.0006647573468093749,0.5537399999999999,2,363905.15625,19.215866088867188,11.474129676818848
19814,252677.3200000084,0.0006847000672136562,0.55372,5,21403.439453125,19.215923309326172,7.333755970001221
19815,0.0,0.0006299240618365637,0.5536999999999999,0,24056758.0,19.2148494720459,7.029865264892578
19816,0.0,0.0006488217836916606,0.55368,5,1887623.0,19.213848114013672,6.69842529296875
19817,0.0,0.0006682864372024104,0.5536599999999999,5,4583824.0,23.012611389160156,6.013201713562012
19818,0.0,0.0006682864372024104,0.5536399999999999,3,207038080.0,23.130239486694336,7.225062370300293
19819,0.0,0.0006616035728303863,0.55362,2,4029128.25,23.496448516845703,6.996610641479492
19820,0.0,0.0006616035728303863,0.5535999999999999,3,146333.4375,23.659292221069336,9.332036972045898
19821,0.0,0.0006417554656454747,0.55358,1,201001264.0,23.69782829284668,9.134307861328125
19822,0.0,0.0006353379109890199,0.5535599999999999,2,5291592.0,24.071151733398438,6.490812301635742
19823,0.0,0.0006353379109890199,0.5535399999999999,3,439639.9375,24.141334533691406,6.796905994415283
19824,0.0,0.0005845108781098984,0.5535199999999999,0,199572880.0,24.257383346557617,3.04982852935791
19825,0.0,0.0005903559868909974,0.5534999999999999,4,83501544.0,24.755945205688477,6.039062023162842
19826,0.0,0.0005962595467599073,0.55348,4,5965836.5,24.56203842163086,2.73195219039917
19827,0.0,0.0006022221422275064,0.5534599999999998,4,11857368.0,24.62053871154785,9.824520111083984
19828,0.0,0.0005961999208052313,0.5534399999999999,2,47665368.0,24.54133415222168,15.134271621704102
19829,0.0,0.0006021619200132836,0.5534199999999999,4,50414944.0,24.602859497070312,6.95186185836792
19830,0.0,0.0005539889664122209,0.5533999999999999,0,209202224.0,24.294404983520508,11.492713928222656
19831,0.0,0.0005595288560763432,0.55338,4,15686102.0,24.490495681762695,3.1237869262695312
19832,0.0,0.0005147665475902357,0.5533599999999999,0,361850848.0,24.163442611694336,8.890722274780273
19833,0.0,0.0005302095440179428,0.5533399999999999,5,30702982.0,24.283676147460938,9.848745346069336
19834,0.0,0.0005249074485777634,0.5533199999999999,2,122707.78125,24.002582550048828,4.371737480163574
19835,0.0,0.00048291485269154235,0.5532999999999999,0,4977076.5,24.105857849121094,12.022708892822266
19836,0.0,0.0005215480409068658,0.55328,6,36288792.0,24.22453498840332,2.153810739517212
19837,0.0,0.0005163325604977971,0.5532599999999999,2,29481586.0,24.01520347595215,5.58283805847168
19838,0.0,0.0005111692348928192,0.55324,2,5282300.0,24.27240753173828,5.717037200927734
19839,0.0,0.0005162809272417474,0.5532199999999999,4,6957128.5,24.3863525390625,5.830503940582275
19840,0.0,0.0005317693550589999,0.5531999999999999,5,133406280.0,24.47840118408203,4.950289249420166
19841,0.0,0.0005370870486095899,0.55318,4,3832753.75,24.53276824951172,10.092751502990723
19842,0.0,0.0005209744371513021,0.5531599999999999,1,10345450.0,24.649490356445312,4.593385696411133
19843,0.0,0.0005366036702658412,0.55314,5,34179760.0,24.792062759399414,8.700494766235352
19844,0.0,0.0005527017803738164,0.55312,5,30006170.0,24.65997886657715,3.3244071006774902
19845,0.0,0.0005969179228037218,0.5530999999999999,6,148713744.0,24.689035415649414,4.731922626495361
19846,0.0,0.0005969179228037218,0.5530799999999999,3,42426068.0,24.683076858520508,6.6185994148254395
19847,0.0,0.0005969179228037218,0.5530599999999999,3,194343744.0,24.73456382751465,6.2560505867004395
19848,0.0,0.0005969179228037218,0.55304,3,27995206.0,24.541175842285156,14.726680755615234
19849,0.0,0.000549164488979424,0.5530199999999998,0,181199424.0,24.44487762451172,3.972902536392212
19850,0.0,0.0005052313298610701,0.5529999999999999,0,41281016.0,24.44938850402832,4.446924686431885
19851,0.0,0.0004648128234721845,0.5529799999999999,0,104673016.0,24.45941734313965,6.985407829284668
19852,0.0,0.00042762779759440977,0.5529599999999999,0,209188.671875,24.437406539916992,10.417459487915039
19853,0.0,0.00042335151961846564,0.55294,2,126475680.0,24.40589714050293,7.997307300567627
19854,0.0,0.00041911800442228096,0.5529199999999999,2,1171256.75,24.277158737182617,15.591476440429688
19855,0.0,0.00041911800442228096,0.5529,3,5247773.5,24.056171417236328,15.304786682128906
19856,0.0,0.0004316915445549494,0.5528799999999999,5,32183266.0,23.9603328704834,5.937140464782715
19857,0.0,0.0004360084600004989,0.5528599999999999,4,20099182.0,23.894742965698242,4.819403648376465
19858,0.0,0.0004316483754004939,0.55284,2,27821414.0,23.828516006469727,10.382109642028809
19859,0.0,0.000427331891646489,0.5528199999999999,2,1029178.4375,23.892166137695312,5.0425872802734375
19860,0.0,0.0004230585727300241,0.5528,2,21504658.0,24.05345916748047,6.034268379211426
19861,0.0,0.00041882798700272383,0.5527799999999999,2,84953.21875,24.198238372802734,8.086814880371094
19862,0.0,0.00041882798700272383,0.5527599999999999,3,4318431.5,24.369909286499023,5.548489093780518
19863,0.0,0.0004062631473926421,0.5527399999999999,1,74270304.0,24.46363639831543,10.223357200622559
19864,0.0,0.0004184510418144214,0.5527199999999999,5,371848608.0,24.552690505981445,7.9286417961120605
19865,0.0,0.0004142665313962772,0.5527,2,35373920.0,24.589738845825195,4.1723504066467285
19866,0.0,0.0004266945273381655,0.55268,5,46210192.0,24.673429489135742,7.593196868896484
19867,0.0,0.0004394953631583105,0.5526599999999999,5,4886727.0,24.580507278442383,12.765379905700684
19868,0.0,0.00040433573410564565,0.5526399999999999,0,1129511.875,24.504640579223633,6.666622638702393
19869,0.0,0.00041646580612881505,0.5526199999999999,5,9016598.0,24.457561492919922,8.284423828125
19870,0.0,0.0004289597803126795,0.5526,5,6346641.0,24.213302612304688,9.876160621643066
19871,0.0,0.0003946429978876652,0.5525799999999998,0,20201600.0,24.080469131469727,3.176520347595215
19872,0.0,0.0003946429978876652,0.5525599999999999,3,460564.84375,23.94837188720703,14.472511291503906
19873,0.0,0.0003906965679087885,0.5525399999999999,2,5588243.5,23.80832862854004,2.8008358478546143
19874,0.0,0.00035944084247608546,0.5525199999999999,0,38999936.0,23.802814483642578,4.6631083488464355
19875,0.0,0.00037022406775036803,0.5525,5,22797268.0,23.86328887939453,5.0299248695373535
19876,0.0,0.0003406061423303386,0.5524799999999999,0,1209916.75,23.876625061035156,7.273116111755371
19877,0.0,0.00033038795806042843,0.55246,1,6889309.0,24.036027908325195,8.740141868591309
19878,0.0,0.0003568189947052627,0.5524399999999999,6,30438024.0,24.1214599609375,7.822946071624756
19879,0.0,0.00034611442486410485,0.5524199999999999,1,52269824.0,24.239702224731445,3.423316240310669
19880,0.0,0.0003357309921181817,0.5524,1,24361552.0,24.449321746826172,10.75837516784668
19881,0.0,0.0003256590623546362,0.5523799999999999,1,16308402.0,24.606481552124023,4.677099227905273
19882,0.0,0.0003354288342252753,0.55236,5,3074176.5,24.734886169433594,4.87241792678833
19883,0.0,0.00033207454588302256,0.5523399999999999,2,2699701.25,24.78636932373047,9.070815086364746
19884,0.0,0.00032875380042419235,0.5523199999999999,2,12660073.0,24.72573471069336,16.022188186645508
19885,0.0,0.00030245349639025697,0.5522999999999999,0,1484224.5,24.642545700073242,5.968335151672363
19886,0.0,0.00031152710128196467,0.5522799999999999,5,69637.84375,24.59665298461914,2.3962631225585938
19887,0.0,0.000308411830269145,0.55226,2,4358520.0,24.52341651916504,6.729057312011719
19888,0.0,0.00031766418517721937,0.5522399999999998,5,84925.3984375,24.485586166381836,8.161859512329102
19889,0.0,0.00030813425962190275,0.5522199999999999,1,4988511.0,24.436243057250977,4.222039699554443
19890,0.0,0.00031737828741055987,0.5521999999999999,5,144279584.0,24.467809677124023,3.1372768878936768
19891,0.0,0.0003427685504034047,0.5521799999999999,6,117056464.0,24.49836540222168,5.84575080871582
19892,0.0,0.00035305160691550684,0.55216,5,5224799.0,24.500118255615234,7.948895454406738
19893,0.0,0.00035658212298466193,0.5521399999999999,4,186139344.0,24.48576545715332,6.389802932739258
19894,0.0,0.00035658212298466193,0.5521199999999999,3,27425412.0,24.348684310913086,10.86911392211914
19895,0.0,0.00036014794421450856,0.5520999999999999,4,138557.125,24.18030548095703,9.260564804077148
19896,0.0,0.00036374942365665367,0.5520799999999999,4,104478640.0,24.141834259033203,2.309251546859741
19897,0.0,0.0003673869178932202,0.55206,4,3749266.5,24.058032989501953,13.782106399536133
19898,0.0,0.0003710607870721524,0.5520399999999999,4,58827520.0,24.06241226196289,5.0166802406311035
19899,0.0,0.0003747713949428739,0.55202,4,12343222.0,24.07311248779297,7.603104591369629
19900,0.0,0.00036352825309458767,0.5519999999999999,1,9231475.0,24.030338287353516,5.402233123779297
19901,4856430.770000009,0.0005759571133046103,0.5519799999999999,2,8586256.0,23.804174423217773,7.746108055114746
19902,3393929.3400000082,0.0005759571133046103,0.55196,3,372677568.0,19.235919952392578,10.27368450164795
19903,2989678.6700000074,0.000558678399905472,0.5519399999999999,1,57997432.0,19.2363338470459,3.4487147331237793
19904,0.0,0.0005530916159064173,0.55192,2,38536064.0,19.238229751586914,8.103249549865723
19905,0.0,0.0005364988674292247,0.5519,1,5919893.0,19.238990783691406,12.60311222076416
19906,0.0,0.000520403901406348,0.5518799999999999,1,548977984.0,22.173168182373047,8.286144256591797
19907,0.0,0.0005256079404204114,0.5518599999999999,4,7385037.0,22.93963050842285,4.467926025390625
19908,0.0,0.0005413761786330238,0.5518399999999999,5,5717552.5,24.206384658813477,4.898309707641602
19909,0.0,0.0005576174639920146,0.55182,5,3032119.5,24.329151153564453,5.146484851837158
19910,0.0,0.000574345987911775,0.5517999999999998,5,53241168.0,24.344486236572266,9.321470260620117
19911,0.0,0.0005571156082744218,0.5517799999999999,1,12016844.0,24.321781158447266,5.879847526550293
19912,0.0,0.0005404021400261892,0.5517599999999999,1,891271.0625,24.70072364807129,6.435336112976074
19913,0.0,0.0004971699688240941,0.5517399999999999,0,108352648.0,24.666574478149414,12.928451538085938
19914,0.0,0.0004573963713181666,0.55172,0,4670916.5,24.713144302368164,7.212592124938965
19915,0.0,0.0004208046616127133,0.5516999999999999,0,36226492.0,24.717809677124023,7.597839832305908
19916,0.0,0.0004208046616127133,0.55168,3,144408496.0,24.696531295776367,10.952006340026855
19917,0.0,0.00041659661499658613,0.5516599999999999,2,46179292.0,24.380123138427734,7.658257484436035
19918,0.0,0.0004124306488466203,0.5516399999999999,2,6947982.0,24.528369903564453,5.772860527038574
19919,0.0,0.0004165549553350865,0.55162,4,8153717.5,24.51519775390625,9.979324340820312
19920,0.0,0.0004165549553350865,0.5515999999999999,3,26641878.0,24.227643966674805,11.269999504089355
19921,0.0,0.0004165549553350865,0.55158,3,77447056.0,24.222963333129883,5.848202705383301
19922,0.0,0.0004290516039951391,0.5515599999999999,5,990246.0,24.199586868286133,7.881819725036621
19923,0.0,0.00044192315211499333,0.5515399999999999,5,29749908.0,24.114940643310547,6.007477760314941
19924,0.0,0.00044634238363614327,0.5515199999999999,4,1492794.625,24.1588077545166,3.481985330581665
19925,0.0,0.00044634238363614327,0.5514999999999999,3,8119981.0,24.310577392578125,5.3087077140808105
19926,0.0,0.00044187895979978185,0.55148,2,41747680.0,24.517120361328125,3.88873553276062
19927,0.0,0.0004286225910057884,0.55146,1,6274155.5,24.654502868652344,10.587933540344238
19928,0.0,0.0004243363650957305,0.5514399999999999,2,34686504.0,24.751558303833008,8.462972640991211
19929,0.0,0.00045828327430338895,0.5514199999999999,6,604584.0,24.790922164916992,3.3703038692474365
19930,0.0,0.00046286610704642287,0.5513999999999999,4,26941402.0,24.745922088623047,3.3086273670196533
19931,0.0,0.0004998953956101368,0.55138,6,215445680.0,24.929609298706055,6.051998615264893
19932,0.0,0.0004848985337418326,0.5513599999999999,1,22466838.0,24.789915084838867,9.747061729431152
19933,0.0,0.00047035157772957765,0.5513399999999999,1,4356140.5,24.974529266357422,5.798227310180664
19934,0.0,0.00047035157772957765,0.5513199999999999,3,8058346.5,24.888851165771484,9.237064361572266
19935,0.0,0.0004562410303976903,0.5512999999999999,1,5786448.0,24.66918182373047,6.442766189575195
19936,0.0,0.0004562410303976903,0.55128,3,18539598.0,24.624391555786133,3.803025007247925
19937,0.0,0.0004425537994857596,0.5512599999999999,1,5093030.0,24.414337158203125,9.38794994354248
19938,0.0,0.0004779581034446204,0.55124,6,24073154.0,24.330101013183594,5.009274005889893
19939,0.0,0.0004636193603412818,0.5512199999999999,1,22510926.0,24.157306671142578,3.0197856426239014
19940,0.0,0.0004497107795310433,0.5511999999999999,1,25768436.0,24.279634475708008,5.249941825866699
19941,0.0,0.00041373391716855985,0.55118,0,62211360.0,24.30299186706543,6.565518856048584
19942,0.0,0.0003806352037950751,0.5511599999999999,0,10038944.0,24.268829345703125,11.134869575500488
19943,0.0,0.00037682885175712436,0.55114,2,3903247.0,24.153400421142578,11.432416915893555
19944,0.0,0.00037682885175712436,0.5511199999999999,3,829818.3125,24.073732376098633,6.805936336517334
19945,0.0,0.00037682885175712436,0.5510999999999999,3,849232.1875,24.12044906616211,1.9543938636779785
19946,0.0,0.00037682885175712436,0.5510799999999999,3,70759504.0,24.2060489654541,5.403544902801514
19947,0.0,0.0003805971402746956,0.5510599999999999,4,558972.0,24.284940719604492,5.994286060333252
19948,0.0,0.0003805971402746956,0.55104,3,23427854.0,24.406145095825195,6.278408050537109
19949,0.0,0.0003805971402746956,0.5510199999999998,3,15143914.0,24.597347259521484,6.042871952056885
19950,0.0,0.0003767911688719486,0.5509999999999999,2,2920355.5,24.751514434814453,9.396086692810059
19951,0.0,0.0003805590805606681,0.5509799999999999,4,8266733.0,24.854154586791992,11.150218963623047
19952,0.0,0.00041100380700552155,0.5509599999999999,6,249106000.0,24.817241668701172,8.6533784866333
19953,0.0,0.0004233339212156872,0.55094,5,359084032.0,24.621841430664062,13.643486022949219
19954,0.0,0.0004233339212156872,0.5509199999999999,3,479570.84375,24.50186538696289,4.87005615234375
19955,0.0,0.0004106339035792166,0.5509,1,63555620.0,24.427249908447266,4.652090072631836
19956,0.0,0.00040652756454342444,0.5508799999999999,2,1498223.75,24.380767822265625,4.481963157653809
19957,0.0,0.0003943317376071217,0.5508599999999999,1,4869365.0,24.22891616821289,11.521744728088379
19958,0.0,0.00039038842023105045,0.55084,2,71213400.0,24.11589813232422,6.740788459777832
19959,0.0,0.00039038842023105045,0.5508199999999999,3,80913304.0,24.061370849609375,6.832022190093994
19960,0.0,0.00039038842023105045,0.5508,3,48216.6953125,23.962791442871094,12.64890193939209
19961,0.0,0.0003591573466125664,0.5507799999999999,0,11912917.0,23.981578826904297,5.578897953033447
19962,0.0,0.00033042475888356114,0.5507599999999999,0,788565.5,24.098756790161133,8.792837142944336
19963,0.0,0.00030399077817287626,0.5507399999999999,0,185500592.0,24.220012664794922,8.378443717956543
19964,0.0,0.00032831004042670637,0.5507199999999999,6,1987842.125,24.336179733276367,9.60759449005127
19965,0.0,0.0003250269400224393,0.5507,2,5397614.0,24.267616271972656,9.663818359375
19966,0.0,0.0003217766706222149,0.55068,2,146438640.0,24.31066131591797,11.353137016296387
19967,0.0,0.0003217766706222149,0.5506599999999999,3,7123292.0,24.32683563232422,2.482264518737793
19968,0.0,0.00031855890391599276,0.5506399999999999,2,12976407.0,24.33437728881836,4.0567307472229
19969,0.0,0.0003153733148768328,0.5506199999999999,2,2083407.375,24.384675979614258,5.255411624908447
19970,0.0,0.0003406031800669795,0.5506,6,1956340.0,24.382678985595703,7.139621734619141
19971,0.0,0.0003371971482663097,0.5505799999999998,2,51876124.0,24.30997085571289,4.6118059158325195
19972,0.0,0.0003371971482663097,0.5505599999999999,3,9928904.0,24.28999137878418,7.846856117248535
19973,0.0,0.00036417292012761446,0.5505399999999999,6,17204864.0,24.16923713684082,6.907656192779541
19974,0.0,0.00036417292012761446,0.5505199999999999,3,7883191.0,24.079896926879883,7.0506815910339355
19975,0.0,0.0003350390865174053,0.5505,0,3560275.25,24.091419219970703,5.035879135131836
19976,0.0,0.0003350390865174053,0.5504799999999999,3,10114121.0,24.111431121826172,3.0791425704956055
19977,0.0,0.00034509025911292745,0.55046,5,217067.296875,24.069820404052734,13.667889595031738
19978,0.0,0.00031748303838389325,0.5504399999999999,0,77502.78125,23.98923110961914,8.528864860534668
19979,0.0,0.0002920843953131818,0.5504199999999999,0,118092408.0,23.97561264038086,4.440211296081543
19980,0.0,0.0002950052392663136,0.5504,4,1189119.625,24.004417419433594,7.818605422973633
19981,0.0,0.00029795529165897673,0.5503799999999999,4,35651328.0,24.093975067138672,8.773767471313477
19982,0.0,0.0002741188683262586,0.55036,0,33093538.0,24.202049255371094,4.137998104095459
19983,0.0,0.0002768600570095212,0.5503399999999999,4,170745456.0,24.193706512451172,10.17335319519043
19984,0.0,0.00027962865757961644,0.5503199999999999,4,92080424.0,24.301963806152344,5.404988765716553
19985,0.0,0.00028242494415541263,0.5502999999999999,4,317931.625,24.31564712524414,2.791078567504883
19986,0.0,0.00028524919359696675,0.5502799999999999,4,43069748.0,24.30693817138672,7.2083916664123535
19987,0.0,0.00028810168553293643,0.55026,4,3330667.75,24.258609771728516,9.873963356018066
19988,0.0,0.00026505355069030153,0.5502399999999998,0,109887736.0,24.156757354736328,8.805582046508789
19989,0.0,0.00026770408619720455,0.5502199999999999,4,68924416.0,24.039932250976562,7.392483711242676
19990,0.0,0.0002650270453352325,0.5501999999999999,2,843583.0,23.784255981445312,10.161815643310547
19991,0.0,0.00024382488170841392,0.5501799999999999,0,30524204.0,23.31220054626465,6.14910364151001
19992,6477457.080000002,0.000597057475331533,0.55016,3,13774194.0,22.833572387695312,7.594670295715332
19993,4313282.57,0.0006448220733580557,0.5501399999999999,6,5593476.0,19.277267456054688,4.424699783325195
19994,2495070.4699999993,0.0006383738526244752,0.5501199999999999,2,2462923.0,19.27678108215332,6.835675239562988
19995,1477036.2999999982,0.0006894437608344332,0.5500999999999999,6,6764057.0,19.274490356445312,9.867883682250977
19996,887075.1399999975,0.0006963381984427775,0.5500799999999999,4,55742056.0,19.271512985229492,13.14652156829834
19997,327400.17999999714,0.0006893748164583497,0.55006,2,16414950.0,19.26933479309082,6.641910552978516
19998,0.0,0.0007445248017750177,0.5500399999999999,6,3580245.0,19.26738166809082,9.223267555236816
19999,0.0,0.0007668605458282682,0.55002,5,3413345.75,19.265941619873047,5.735669136047363
20000,0.0,0.0007745291512865508,0.5499999999999999,4,10791128.0,24.214994430541992,7.660915374755859
20001,0.0,0.0007512932767479543,0.5499799999999999,1,15420296.0,24.388757705688477,7.190646648406982
20002,0.0,0.0007512932767479543,0.54996,3,39406504.0,24.83512306213379,4.549584865570068
20003,0.0,0.0008113967388877907,0.5499399999999999,6,382323.53125,24.801773071289062,11.012496948242188
20004,0.0,0.0008195107062766686,0.54992,4,1780635.125,24.591289520263672,7.422050952911377
20005,0.0,0.0008850715627788022,0.5498999999999999,6,15684310.0,24.857791900634766,3.3335695266723633
20006,0.0,0.0009558772878011063,0.5498799999999999,6,41319016.0,24.62335777282715,11.712717056274414
20007,0.0,0.0009463185149230953,0.5498599999999999,2,369736256.0,24.625003814697266,2.8236324787139893
20008,0.0,0.001022023996116943,0.5498399999999999,6,998503.75,24.925098419189453,8.62366771697998
20009,0.0,0.0011037859158062986,0.54982,6,25686362.0,24.595556259155273,1.5393415689468384
20010,0.0,0.0011920887890708026,0.5497999999999998,6,7546651.5,24.545339584350586,12.223776817321777
20011,0.0,0.001287455892196467,0.5497799999999999,6,338824192.0,24.45782470703125,6.238630771636963
20012,0.0,0.001287455892196467,0.5497599999999999,3,2452367.25,24.37974739074707,4.488651275634766
20013,0.0,0.0013904523635721844,0.5497399999999999,6,853016.0625,24.458620071411133,4.574861526489258
20014,0.0,0.0013765478399364625,0.54972,2,9574477.0,24.25935935974121,7.7377471923828125
20015,0.0,0.0013903133183358271,0.5496999999999999,4,8270716.5,24.41490364074707,2.91642689704895
20016,0.0,0.0014042164515191853,0.54968,4,127883.2265625,24.244016647338867,6.491765022277832
20017,0.0,0.0013901742870039934,0.5496599999999999,2,53437744.0,24.105674743652344,8.595163345336914
20018,0.0,0.0013901742870039934,0.5496399999999999,3,67159720.0,24.136640548706055,2.809262990951538
20019,0.0,0.0013901742870039934,0.54962,3,1053751.125,24.044952392578125,7.354073524475098
20020,0.0,0.0014040760298740333,0.5495999999999999,4,22342968.0,24.002695083618164,9.931851387023926
20021,0.0,0.0014181167901727736,0.54958,4,15657870.0,24.01595687866211,8.340926170349121
20022,0.0,0.0014606602938779568,0.5495599999999999,5,58887152.0,24.065021514892578,7.919410705566406
20023,0.0,0.0014606602938779568,0.5495399999999999,3,5256482.0,24.04610824584961,5.474925518035889
20024,0.0,0.001416840485061618,0.5495199999999999,1,36226784.0,24.1546688079834,9.837839126586914
20025,0.0,0.0014593456996134665,0.5494999999999999,5,124412.03125,24.32678985595703,3.1269397735595703
20026,0.0,0.0015031260706018705,0.54948,5,20480686.0,24.42825698852539,1.5971583127975464
20027,0.0,0.0015031260706018705,0.54946,3,8598901.0,24.556629180908203,10.746965408325195
20028,0.0,0.001382875984953721,0.5494399999999999,0,888758.1875,24.70122718811035,4.952425003051758
20029,0.0,0.0013690472251041837,0.5494199999999999,2,14443956.0,24.904455184936523,2.482797861099243
20030,0.0,0.001259523447095849,0.5493999999999999,0,2542053.5,24.933290481567383,5.9728288650512695
20031,0.0,0.0012469282126248906,0.54938,2,16790760.0,24.899709701538086,9.937080383300781
20032,0.0,0.0012469282126248906,0.5493599999999998,3,310631392.0,24.767610549926758,9.358694076538086
20033,0.0,0.0012344589304986416,0.5493399999999999,2,5438229.0,24.56233024597168,8.312028884887695
20034,0.0,0.001246803519803628,0.5493199999999999,4,19676448.0,24.41826057434082,3.9526286125183105
20035,0.0,0.0013465478013879183,0.5492999999999999,6,6072132.5,24.302230834960938,2.953922986984253
20036,0.0,0.0013465478013879183,0.54928,3,2051611.375,24.171142578125,7.100464820861816
20037,0.0,0.0013465478013879183,0.5492599999999999,3,2789136.25,24.099933624267578,11.8858642578125
20038,0.0,0.0013465478013879183,0.54924,3,21066910.0,24.04311752319336,4.529120922088623
20039,0.0,0.0013465478013879183,0.5492199999999999,3,108889680.0,24.022974014282227,8.957351684570312
20040,0.0,0.001454271625498952,0.5491999999999999,6,379409920.0,24.05027198791504,3.07977294921875
20041,0.0,0.0014106434767339833,0.54918,1,143626.03125,24.077674865722656,5.0481858253479
20042,0.0,0.0012977919985952646,0.5491599999999999,0,8451551.0,24.323440551757812,3.0222511291503906
20043,0.0,0.0012977919985952646,0.54914,3,5696665.5,24.401491165161133,9.510579109191895
20044,0.0,0.001284814078609312,0.5491199999999999,2,113701384.0,24.425918579101562,10.453012466430664
20045,0.0,0.001297662219395405,0.5490999999999999,4,208183312.0,24.518802642822266,3.5976603031158447
20046,0.0,0.0013365920859772671,0.5490799999999999,5,379731552.0,24.53919219970703,6.1049323081970215
20047,0.0,0.0012296647190990857,0.5490599999999999,0,13865365.0,24.55673599243164,5.423574447631836
20048,0.0,0.0012665546606720583,0.54904,5,1065176.375,24.558082580566406,11.385337829589844
20049,0.0,0.00130455130049222,0.5490199999999998,5,3515920.0,24.367416381835938,8.34890365600586
20050,0.0,0.0012654147614774534,0.5489999999999999,1,49688116.0,24.29206657409668,1.953075647354126
20051,0.0,0.001252760613862679,0.5489799999999999,2,9126078.0,24.32230567932129,3.985715389251709
20052,0.0,0.0012151777954467985,0.5489599999999999,1,11046724.0,24.232606887817383,9.534645080566406
20053,0.0,0.0011787224615833944,0.54894,1,846077.125,24.177993774414062,7.359740257263184
20054,0.0,0.0011787224615833944,0.5489199999999999,3,8336295.5,24.171112060546875,5.414274215698242
20055,0.0,0.0011433607877358925,0.5488999999999999,1,1545076.5,24.159175872802734,5.267011642456055
20056,0.0,0.0011090599641038158,0.5488799999999999,1,8578038.0,24.143762588500977,8.682352066040039
20057,0.0,0.0011423317630269304,0.5488599999999999,5,137125376.0,24.165132522583008,4.7644853591918945
20058,0.0,0.001233718304069085,0.54884,6,10042140.0,24.160057067871094,7.822542667388916
20059,0.0,0.001221381121028394,0.5488199999999999,2,4799798.0,24.178569793701172,4.66620397567749
20060,0.0,0.0011236706313461225,0.5488,0,13414193.0,24.25779151916504,4.485110282897949
20061,0.0,0.0010337769808384327,0.5487799999999999,0,17243052.0,24.307790756225586,3.867311954498291
20062,0.0,0.0009510748223713582,0.5487599999999999,0,1497458.75,24.33460235595703,5.328067302703857
20063,0.0,0.0008749888365816496,0.54874,0,8940973.0,24.33683967590332,6.292844295501709
20064,0.0,0.0008662389482158331,0.5487199999999999,2,4990194.5,24.29467010498047,8.473089218139648
20065,0.0,0.000892226116662308,0.5487,5,4166024.0,24.186779022216797,7.943508148193359
20066,0.0,0.0009011483778289312,0.54868,4,7574049.0,24.12611198425293,4.6529436111450195
20067,0.0,0.0008921368940506419,0.5486599999999999,2,4301072.0,24.164386749267578,5.711860656738281
20068,0.0,0.0009635078455746933,0.5486399999999999,6,341024160.0,24.21870231628418,5.002811908721924
20069,0.0,0.000992413080941934,0.5486199999999999,5,53789504.0,24.274166107177734,8.644059181213379
20070,0.0,0.0010221854733701921,0.5486,5,37236124.0,24.335247039794922,6.26860237121582
20071,0.0,0.0010119636186364902,0.5485799999999998,2,14718621.0,24.380203247070312,3.2803268432617188
20072,0.0,0.001042322527195585,0.5485599999999999,5,2845960.5,24.407917022705078,8.135696411132812
20073,0.0,0.0010110528513797173,0.5485399999999999,1,3916436.5,24.426916122436523,4.129991054534912
20074,0.0,0.001041384436921109,0.5485199999999999,5,11453766.0,24.445295333862305,6.33984899520874
20075,0.0,0.0010309705925518977,0.5485,2,1994501.625,24.460832595825195,4.920670986175537
20076,0.0,0.0010412802984774167,0.5484799999999999,4,114912728.0,24.40287208557129,10.546628952026367
20077,0.0,0.0010516931014621909,0.54846,4,83656912.0,24.34062385559082,6.482539653778076
20078,0.0,0.001041176170447569,0.5484399999999999,2,48612472.0,24.23323631286621,10.584964752197266
20079,0.0,0.0010515879321520447,0.5484199999999999,4,1375039.375,24.107036590576172,7.492313385009766
20080,0.0,0.0010621038114735652,0.5484,4,9263290.0,24.036762237548828,6.4989519119262695
20081,0.0,0.001072724849588301,0.5483799999999999,4,43863884.0,23.9296875,8.903480529785156
20082,0.0,0.0011585428375553652,0.54836,6,23014600.0,23.712400436401367,5.929647922515869
20083,0.0,0.0011701282659309189,0.5483399999999999,4,48303.03125,23.457660675048828,4.863198757171631
20084,0.0,0.001181829548590228,0.5483199999999999,4,5681634.5,23.25473403930664,5.9411492347717285
20085,0.0,0.0011463746621325213,0.5482999999999999,1,57963300.0,23.15199851989746,3.237534284591675
20086,0.0,0.0011578384087538465,0.5482799999999999,4,783940.875,23.085180282592773,5.926685810089111
20087,0.0,0.0011231032564912311,0.54826,1,39037236.0,22.925569534301758,5.292965888977051
20088,4734248.11,0.0005552084059424005,0.54824,4,91300776.0,22.640962600708008,9.94805908203125
20089,3186500.2800000017,0.0005607604900018246,0.5482199999999999,4,39411828.0,19.405290603637695,8.654121398925781
20090,1669658.1099999992,0.0005663680949018428,0.5481999999999999,4,163876.46875,19.407243728637695,3.9272513389587402
20091,831578.7499999986,0.0005663680949018428,0.5481799999999999,3,117568064.0,19.408586502075195,5.210383892059326
20092,0.0,0.0005607044139528244,0.54816,2,1745439.75,19.406234741210938,4.5343337059021
20093,0.0,0.0005663114580923526,0.5481399999999998,4,3929204.75,19.4034481048584,9.676803588867188
20094,0.0,0.0005663114580923526,0.5481199999999999,3,6142274.5,23.698274612426758,10.781913757324219
20095,0.0,0.0005719745726732761,0.5480999999999999,4,3724900.25,23.898597717285156,5.065293312072754
20096,0.0,0.0006177325384871383,0.5480799999999999,6,37038696.0,23.8769588470459,7.092010974884033
20097,0.0,0.0006115552131022669,0.54806,2,217650848.0,23.789499282836914,8.156314849853516
20098,0.0,0.0005626307960540856,0.5480399999999999,0,24639174.0,24.011119842529297,11.051867485046387
20099,0.0,0.0005176203323697588,0.54802,0,1046785.75,23.853200912475586,7.114330291748047
20100,0.0,0.0005227965356934564,0.5479999999999999,4,34023596.0,23.954029083251953,6.063833713531494
20101,0.0,0.00048097281283797984,0.5479799999999999,0,35335748.0,23.78868865966797,10.51789665222168
20102,0.0,0.0004424949878109415,0.54796,0,11482290.0,24.25605010986328,4.4377241134643555
20103,0.0,0.00042922013817661323,0.5479399999999999,1,10461868.0,24.38804817199707,7.941815376281738
20104,0.0,0.0004249279367948471,0.54792,2,249314.734375,24.48163604736328,4.809572696685791
20105,0.0,0.0004291772161627956,0.5478999999999999,4,137229312.0,24.52633285522461,6.51752233505249
20106,0.0,0.00039484303886977196,0.5478799999999999,0,772730.875,24.468021392822266,9.579427719116211
20107,0.0,0.00039089460848107426,0.5478599999999999,2,175537584.0,24.881450653076172,7.383179187774658
20108,0.0,0.00039089460848107426,0.5478399999999999,3,70440.75,24.74357795715332,5.246077060699463
20109,0.0,0.0004221661771595602,0.54782,6,78686.234375,24.595609664916992,12.300079345703125
20110,0.0,0.000434831162474347,0.5477999999999998,5,6939352.5,24.387386322021484,8.154973030090332
20111,0.0,0.000434831162474347,0.5477799999999999,3,4017359.0,24.278614044189453,7.838788032531738
20112,0.0,0.000434831162474347,0.5477599999999999,3,7840242.0,24.205081939697266,3.522700786590576
20113,0.0,0.000434831162474347,0.5477399999999999,3,7054552.0,24.154062271118164,3.1520743370056152
20114,0.0,0.00043048285084960354,0.54772,2,12099462.0,24.105865478515625,10.112534523010254
20115,0.0,0.00043048285084960354,0.5476999999999999,3,4432109.0,24.12255096435547,7.8096923828125
20116,0.0,0.0004175683653241154,0.54768,1,18854912.0,24.167125701904297,2.752765655517578
20117,0.0,0.0004175683653241154,0.5476599999999999,3,210369760.0,24.362133026123047,5.9268903732299805
20118,0.0,0.0004300954162838389,0.5476399999999999,5,37588108.0,24.343441009521484,7.522946357727051
20119,0.0,0.0004300954162838389,0.54762,3,487504.0,24.399568557739258,2.2714109420776367
20120,0.0,0.0004300954162838389,0.5475999999999999,3,4999499.5,24.50641441345215,11.652369499206543
20121,0.0,0.0004300954162838389,0.54758,3,997553.1875,24.463275909423828,9.931886672973633
20122,0.0,0.0004300954162838389,0.5475599999999999,3,34157892.0,24.335283279418945,10.288899421691895
20123,0.0,0.0004300954162838389,0.5475399999999999,3,1326461.375,24.22107696533203,4.152416706085205
20124,0.0,0.0004300954162838389,0.5475199999999999,3,114163584.0,23.96344566345215,18.416704177856445
20125,0.0,0.0004300954162838389,0.5474999999999999,3,492598.75,23.78786277770996,5.682730674743652
20126,0.0,0.00043439637044667733,0.54748,4,13783.486328125,23.681808471679688,9.260643005371094
20127,0.0,0.0004474282615600777,0.54746,5,56733812.0,23.583412170410156,7.716628074645996
20128,0.0,0.0004116340006352715,0.5474399999999999,0,63272736.0,23.54410171508789,9.280074119567871
20129,0.0,0.00042398302065432966,0.5474199999999999,5,453055.21875,23.677488327026367,6.715651512145996
20130,0.0,0.00043670251127395955,0.5473999999999999,5,14190078.0,23.806379318237305,8.013810157775879
20131,0.0,0.00044980358661217835,0.54738,5,60665620.0,24.04102897644043,8.621277809143066
20132,0.0,0.0004632976942105437,0.5473599999999998,5,9642122.0,24.24333381652832,8.005152702331543
20133,0.0,0.00047719662503686004,0.5473399999999999,5,6410552.0,24.51250457763672,4.478297233581543
20134,0.0,0.00047719662503686004,0.5473199999999999,3,38204292.0,24.700345993041992,8.222884178161621
20135,0.0,0.0004390208950339113,0.5472999999999999,0,21460586.0,24.850730895996094,9.969439506530762
20136,0.0,0.00042585026818289394,0.54728,1,4728668.5,24.921810150146484,9.483330726623535
20137,0.0,0.00043010877086472287,0.5472599999999999,4,45835.5859375,24.831125259399414,6.771570682525635
20138,0.0,0.00041720550773878117,0.54724,1,14045116.0,24.647220611572266,7.972732067108154
20139,0.0,0.0004505819483578837,0.5472199999999999,6,11669634.0,24.528892517089844,6.280292987823486
20140,0.0,0.000414535392489253,0.5471999999999999,0,16149365.0,24.362939834594727,4.913801670074463
20141,0.0,0.0004020993307145754,0.54718,1,1838356.625,24.26466941833496,8.11673355102539
20142,0.0,0.0004020993307145754,0.5471599999999999,3,69669648.0,24.105167388916016,8.368776321411133
20143,0.0,0.0004020993307145754,0.54714,3,235251.109375,24.01906394958496,4.2245965003967285
20144,0.0,0.0004020993307145754,0.5471199999999999,3,41563144.0,24.04452896118164,5.577610015869141
20145,0.0,0.00041416231063601266,0.5470999999999999,5,2170964.25,24.101911544799805,4.543839931488037
20146,0.0,0.0004472952954868937,0.5470799999999999,6,2587305.5,24.204557418823242,6.885576248168945
20147,0.0,0.0004115116718479422,0.5470599999999999,0,1132953.625,24.414894104003906,3.7155606746673584
20148,0.0,0.00037859073810010685,0.54704,0,27853.609375,24.713544845581055,6.223833084106445
20149,0.0,0.00034830347905209834,0.5470199999999998,0,34862320.0,24.86371421813965,8.403021812438965
20150,0.0,0.0003204392007279305,0.5469999999999999,0,3898813.5,24.928756713867188,7.799039840698242
20151,0.0,0.00031723480872065116,0.5469799999999999,2,82880400.0,25.007366180419922,3.391382932662964
20152,0.0,0.0003267518529822707,0.5469599999999999,5,719660096.0,24.934709548950195,8.7899169921875
20153,0.0,0.00031694929739280257,0.54694,1,117399152.0,24.710512161254883,11.57219409942627
20154,0.0,0.00032645777631458667,0.5469199999999999,5,109409968.0,24.584884643554688,3.6019973754882812
20155,0.0,0.00031666404302514907,0.5468999999999999,1,26017404.0,24.335771560668945,5.627959251403809
20156,0.0,0.00031666404302514907,0.5468799999999999,3,34739912.0,24.25147819519043,6.076694965362549
20157,0.0,0.0003261639643159035,0.5468599999999999,5,366988192.0,24.09984588623047,6.645196437835693
20158,0.0,0.0003229023246727445,0.54684,2,78842.6640625,23.98697280883789,6.104291915893555
20159,0.0,0.00031321525493256214,0.5468199999999999,1,14235974.0,23.937009811401367,10.432500839233398
20160,0.0,0.0002881580345379572,0.5468,0,18747352.0,23.954286575317383,5.200770378112793
20161,0.0,0.0002881580345379572,0.5467799999999999,3,197304.21875,24.091455459594727,2.5916781425476074
20162,0.0,0.00027951329350181845,0.5467599999999999,1,326518784.0,24.10906219482422,10.513618469238281
20163,0.0,0.00030187435698196394,0.54674,6,29077654.0,24.14093780517578,12.65812873840332
20164,0.0,0.00032602430554052106,0.5467199999999999,6,458793.375,24.12336540222168,8.194398880004883
20165,0.0,0.0003162435763743054,0.5467,1,14726589.0,24.17809295654297,4.6729655265808105
20166,0.0,0.00034154306248424985,0.5466799999999999,6,9646953.0,24.313804626464844,6.826056003570557
20167,0.0,0.0003312967706097223,0.5466599999999999,1,37333516.0,24.339296340942383,6.456709861755371
20168,0.0,0.00032135786749143067,0.5466399999999999,1,42216040.0,24.411218643188477,7.452918529510498
20169,0.0,0.0003309986035161736,0.5466199999999999,5,152858.203125,24.33242416381836,11.584083557128906
20170,0.0,0.0003276886174810119,0.5466,2,36182752.0,24.263042449951172,6.442464828491211
20171,0.0,0.0003178579589565815,0.5465799999999998,1,7740166.0,24.1744327545166,9.037126541137695
20172,0.0,0.0003210365385461473,0.5465599999999999,4,321110400.0,24.10055160522461,6.229034423828125
20173,0.0,0.0003242469039316088,0.5465399999999999,4,27384826.0,24.148279190063477,1.501770257949829
20174,0.0,0.00031451949681366055,0.5465199999999999,1,29715292.0,24.139245986938477,7.442865371704102
20175,0.0,0.00031766469178179716,0.5465,4,17518196.0,24.037384033203125,11.136835098266602
20176,0.0,0.00030813475102834325,0.5464799999999999,1,183264000.0,23.808570861816406,14.196638107299805
20177,0.0,0.00030813475102834325,0.54646,3,9079277.0,23.340373992919922,8.42352294921875
20178,0.0,0.0003112160985386267,0.5464399999999999,4,70280976.0,22.759870529174805,12.36373519897461
20179,0.0,0.00031432825952401296,0.5464199999999999,4,145689792.0,22.310354232788086,7.791260719299316
20180,0.0,0.0003174715421192531,0.5464,4,97642312.0,21.920547485351562,8.355361938476562
20181,0.0,0.0003174715421192531,0.5463799999999999,3,106330152.0,21.592008590698242,4.513364791870117
20182,0.0,0.0003269956883828307,0.54636,5,3827153.25,21.32061195373535,5.597787380218506
20183,4630614.860000003,0.000682896669764098,0.5463399999999999,5,98177720.0,21.055137634277344,1.9858790636062622
20184,3654836.630000004,0.0007375284033452259,0.5463199999999999,6,9090677.0,19.34946060180664,6.527553558349609
20185,3240797.590000004,0.0007375284033452259,0.5462999999999999,3,144594.84375,19.349397659301758,5.45368766784668
20186,2664960.410000003,0.0007596542554455827,0.5462799999999999,5,135026496.0,19.34670066833496,11.110379219055176
20187,2134666.8000000026,0.0006988819150099361,0.54626,0,122888672.0,19.343307495117188,5.785553932189941
20188,725714.22,0.0007198483724602342,0.54624,5,39541256.0,19.33928680419922,1.7007355690002441
20189,515388.82,0.0006622605026634156,0.5462199999999999,0,42945680.0,19.334705352783203,3.8754959106445312
20190,38877.210000000196,0.0006556378976367815,0.5461999999999999,2,3740855.5,19.32971954345703,8.374079704284668
20191,0.0,0.0006490815186604137,0.5461799999999999,2,23079034.0,19.3234920501709,7.866687297821045
20192,0.0,0.0006296090731006013,0.54616,1,6314351.5,19.316431045532227,6.832131862640381
20193,0.0,0.0006484973452936193,0.5461399999999998,5,5708895.5,24.77438735961914,14.908639907836914
20194,0.0,0.0006549823187465554,0.5461199999999999,4,72976968.0,24.126415252685547,7.303943157196045
20195,0.0,0.0006746317883089522,0.5460999999999999,5,3505239.0,24.115400314331055,2.327167510986328
20196,0.0,0.0006948707419582208,0.5460799999999999,5,7661105.5,24.00206184387207,5.4641852378845215
20197,0.0,0.0007157168642169674,0.54606,5,2609138.75,24.09293556213379,6.246675968170166
20198,0.0,0.0006942453582904584,0.5460399999999999,1,66733.5234375,24.257768630981445,3.880420684814453
20199,0.0,0.0006734179975417447,0.54602,1,18791784.0,24.82062339782715,4.450417995452881
20200,0.0,0.000693620537467997,0.5459999999999999,5,135020208.0,24.890274047851562,12.502968788146973
20201,0.0,0.000700556742842677,0.5459799999999999,4,7553241.5,24.522533416748047,9.822762489318848
20202,0.0,0.0006795400405573967,0.54596,1,3061846.75,24.468936920166016,13.170158386230469
20203,0.0,0.0006863354409629707,0.5459399999999999,4,1841648.25,24.551559448242188,11.97020435333252
20204,0.0,0.0006931987953726005,0.54592,4,1699670.0,24.052425384521484,12.460244178771973
20205,0.0,0.0007001307833263265,0.5458999999999999,4,366755072.0,23.873689651489258,8.715408325195312
20206,0.0,0.0007211347068261163,0.5458799999999999,5,25121766.0,23.819143295288086,5.9699015617370605
20207,0.0,0.0007211347068261163,0.5458599999999999,3,30787.6015625,23.73255729675293,9.897411346435547
20208,0.0,0.0007211347068261163,0.5458399999999999,3,15274795.0,23.861507415771484,10.240994453430176
20209,0.0,0.0007211347068261163,0.54582,3,1705209.0,23.966501235961914,4.608193397521973
20210,0.0,0.0007211347068261163,0.5457999999999998,3,9792382.0,24.099750518798828,9.851112365722656
20211,0.0,0.0007211347068261163,0.5457799999999999,3,59667052.0,24.295330047607422,4.522459983825684
20212,0.0,0.0007211347068261163,0.5457599999999999,3,203364064.0,24.520099639892578,5.965823173522949
20213,0.0,0.0007427687480308998,0.5457399999999999,5,3281488.5,24.685880661010742,4.538153171539307
20214,0.0,0.0007427687480308998,0.54572,3,1772163.125,24.78884506225586,2.7372143268585205
20215,0.0,0.0008021902478733718,0.5456999999999999,6,5286252.5,24.98065185546875,7.323163032531738
20216,0.0,0.0008021902478733718,0.5456799999999999,3,16847120.0,24.86443328857422,8.512889862060547
20217,0.0,0.0008021902478733718,0.5456599999999999,3,237606.34375,24.91421127319336,5.336222171783447
20218,0.0,0.0008021902478733718,0.5456399999999999,3,7790365.0,24.768203735351562,7.67091178894043
20219,0.0,0.0008021902478733718,0.54562,3,2049733.5,24.54337501525879,7.532229900360107
20220,0.0,0.0008021902478733718,0.5455999999999999,3,2876888.75,24.28854751586914,8.635675430297852
20221,0.0,0.000826255955309573,0.54558,5,7446714.0,23.913143157958984,20.150693893432617
20222,0.0,0.0007601554788848072,0.5455599999999999,0,1825310.5,23.514568328857422,11.932892799377441
20223,0.0,0.000737350814518263,0.5455399999999999,1,113508.9296875,23.44017791748047,3.345937728881836
20224,0.0,0.0007299773063730804,0.54552,2,5137726.0,23.274667739868164,13.194438934326172
20225,0.0,0.000708077987181888,0.5454999999999999,1,7207348.0,23.301395416259766,6.454991340637207
20226,0.0,0.0007009972073100691,0.54548,2,1753515.625,23.392457962036133,10.956546783447266
20227,0.0,0.0006449174307252637,0.54546,0,55486712.0,23.45848846435547,7.461026191711426
20228,0.0,0.0006384682564180111,0.5454399999999999,2,198567232.0,23.626710891723633,5.579501152038574
20229,0.0,0.0006576223041105514,0.5454199999999999,5,20360180.0,23.89468765258789,5.1017961502075195
20230,0.0,0.0006576223041105514,0.5453999999999999,3,55675552.0,24.223007202148438,2.9977574348449707
20231,0.0,0.0007102320884393955,0.54538,6,11551730.0,24.530717849731445,9.50357437133789
20232,0.0,0.0006534135213642439,0.5453599999999998,0,36541664.0,24.75007438659668,4.4346513748168945
20233,0.0,0.0006468793861506015,0.5453399999999999,2,5833459.5,25.043712615966797,4.037265777587891
20234,0.0,0.0006662857677351195,0.5453199999999999,5,51808844.0,25.006563186645508,12.609979629516602
20235,0.0,0.0006862743407671731,0.5452999999999999,5,493122.84375,24.81787872314453,9.975852966308594
20236,0.0,0.0006931370841748449,0.54528,4,22182738.0,24.705875396728516,2.4108338356018066
20237,0.0,0.0006931370841748449,0.5452599999999999,3,378312096.0,24.57723617553711,5.170783519744873
20238,0.0,0.0006931370841748449,0.54524,3,357519.1875,24.526329040527344,1.1578658819198608
20239,0.0,0.0006931370841748449,0.5452199999999999,3,21664546.0,24.429250717163086,9.349797248840332
20240,0.0,0.0007485880509088325,0.5451999999999999,6,523065.96875,24.35902976989746,2.35447359085083
20241,0.0,0.0007560739314179209,0.54518,4,188386016.0,24.247310638427734,7.476539611816406
20242,0.0,0.0007485131921037417,0.5451599999999999,2,2488037.75,24.120737075805664,13.89655590057373
20243,0.0,0.000770968587866854,0.54514,5,21889354.0,24.089048385620117,5.105774402618408
20244,0.0,0.0008326460748962023,0.5451199999999999,6,17610268.0,24.046432495117188,2.239078998565674
20245,0.0,0.0008326460748962023,0.5450999999999999,3,447478.78125,24.127744674682617,5.1547651290893555
20246,0.0,0.0008326460748962023,0.5450799999999999,3,970876.5,24.27265739440918,5.569553375244141
20247,0.0,0.0008326460748962023,0.5450599999999999,3,88143448.0,24.30463981628418,8.310115814208984
20248,0.0,0.0008076666926493162,0.54504,1,35587264.0,24.43980598449707,2.1315691471099854
20249,0.0,0.0008076666926493162,0.54502,3,233263712.0,24.570972442626953,6.0206403732299805
20250,0.0,0.000743053357237371,0.5449999999999999,0,91155368.0,24.580297470092773,7.6855292320251465
20251,0.0,0.0006836090886583814,0.5449799999999999,0,58039476.0,24.562522888183594,8.688299179077148
20252,0.0,0.0006904451795449652,0.5449599999999999,4,31164734.0,24.504995346069336,4.988667011260986
20253,0.0,0.0006973496313404148,0.54494,4,3872936.75,24.376663208007812,9.459976196289062
20254,0.0,0.000704323127653819,0.5449199999999998,4,65569648.0,24.23893928527832,10.695540428161621
20255,0.0,0.0006831934338242044,0.5448999999999999,1,11467132.0,24.05716896057129,12.775197982788086
20256,0.0,0.0006285379591182681,0.5448799999999999,0,361032352.0,23.940351486206055,6.099450588226318
20257,0.0,0.0005782549223888067,0.5448599999999999,0,13106096.0,23.914140701293945,3.1780455112457275
20258,0.0,0.0005724723731649185,0.54484,2,3886073.5,23.838640213012695,10.105795860290527
20259,0.0,0.0005724723731649185,0.5448199999999999,3,4303108.5,23.848817825317383,3.650592803955078
20260,0.0,0.0005667476494332694,0.5448,2,14577563.0,23.96327781677246,6.508924961090088
20261,0.0,0.0005610801729389367,0.5447799999999999,2,6260020.5,24.100080490112305,8.896523475646973
20262,0.0,0.0005779125781271048,0.5447599999999999,5,360041856.0,24.31118392944336,3.8764443397521973
20263,0.0,0.0005836917039083758,0.54474,4,7501528.0,24.515975952148438,7.598685264587402
20264,0.0,0.0005778547868692921,0.5447199999999999,2,9116016.0,24.74689292907715,5.135048866271973
20265,0.0,0.0005951904304753708,0.5447,5,16143675.0,24.90011215209961,9.250865936279297
20266,0.0,0.0006428056649134006,0.5446799999999999,6,52519276.0,25.012481689453125,5.509469985961914
20267,0.0,0.0006235214949659986,0.5446599999999999,1,256656.140625,25.101245880126953,7.300297260284424
20268,0.0,0.0006235214949659986,0.5446399999999999,3,15325263.0,25.199905395507812,3.4809675216674805
20269,0.0,0.0006172862800163386,0.5446199999999999,2,9302226.0,25.18857765197754,5.936257362365723
20270,0.0,0.0006358048684168287,0.5446,5,215914864.0,25.13193702697754,6.56304931640625
20271,0.0,0.0006294468197326604,0.5445799999999998,2,27245212.0,25.048938751220703,5.56056022644043
20272,0.0,0.0005790910741540476,0.5445599999999999,0,19245440.0,24.929645538330078,6.01391077041626
20273,0.0,0.000596463806378669,0.5445399999999999,5,5195975.5,24.55650520324707,7.2522807121276855
20274,0.0,0.0006441809108889626,0.5445199999999999,6,891081.3125,24.07259178161621,8.120250701904297
20275,4168410.439999993,0.00043196383505577425,0.5445,0,9593065.0,19.134674072265625,7.517853260040283
20276,2108257.939999991,0.00039740672825131233,0.5444799999999999,0,3585038.25,19.138290405273438,6.605185031890869
20277,590444.8299999929,0.0003934326609687992,0.5444599999999999,2,225884352.0,19.14122200012207,2.8271594047546387
20278,0.0,0.0003894983343591112,0.5444399999999999,2,11985628.0,19.142841339111328,8.642434120178223
20279,0.0,0.0003583384676103823,0.5444199999999999,0,2377842.25,19.141902923583984,10.71898365020752
20280,0.0,0.00032967139020155176,0.5444,0,7910176.5,20.23227310180664,3.5763862133026123
20281,0.0,0.00032967139020155176,0.5443799999999999,3,19821698.0,21.063737869262695,3.0561811923980713
20282,0.0,0.0003395615319075983,0.54436,5,579507.3125,24.261154174804688,5.6143622398376465
20283,0.0,0.00036672645446020623,0.5443399999999999,6,4193037.75,24.40022087097168,6.151940822601318
20284,0.0,0.0003630591899156042,0.5443199999999999,2,4843300.0,24.642854690551758,4.277912139892578
20285,0.0,0.0003594285980164481,0.5442999999999999,2,13298380.0,25.11171531677246,3.767850637435913
20286,0.0,0.00034864574007595464,0.5442799999999999,1,3994133.75,25.160133361816406,6.004481315612793
20287,0.0,0.00034864574007595464,0.54426,3,6253234.0,25.251928329467773,3.8960208892822266
20288,0.0,0.0003451592826751951,0.54424,2,377636576.0,24.959339141845703,10.785717964172363
20289,0.0,0.00034170768984844314,0.5442199999999999,2,201723488.0,24.79949188232422,11.917913436889648
20290,0.0,0.0003143710746605677,0.5441999999999999,0,4525427.5,24.580549240112305,3.1740431785583496
20291,0.0,0.0003238022069003847,0.5441799999999999,5,9894939.0,24.48232078552246,13.207000732421875
20292,0.0,0.0003238022069003847,0.54416,3,32942762.0,23.755109786987305,8.334015846252441
20293,0.0,0.0003238022069003847,0.5441399999999998,3,33056560.0,23.71495819091797,4.377603530883789
20294,0.0,0.0003238022069003847,0.5441199999999999,3,1819441.75,23.52430534362793,10.15137767791748
20295,0.0,0.0003335162731073963,0.5440999999999999,5,21532392.0,23.400074005126953,9.61202621459961
20296,0.0,0.0003335162731073963,0.5440799999999999,3,78342904.0,23.3363094329834,10.661890029907227
20297,0.0,0.00030683497125880464,0.54406,0,209273568.0,23.593929290771484,9.653419494628906
20298,0.0,0.0002822881735581003,0.5440399999999999,0,109881.015625,24.128984451293945,7.035833358764648
20299,0.0,0.0002794652918225193,0.54402,2,1832387.375,24.422016143798828,6.641352653503418
20300,0.0,0.0002822599447407445,0.5439999999999999,4,180454.484375,24.609760284423828,6.477966785430908
20301,0.0,0.00027943734529333706,0.5439799999999999,2,34104336.0,24.75450325012207,12.771349906921387
20302,0.0,0.00027105422493453694,0.54396,1,5112959.0,25.040401458740234,4.585879802703857
20303,0.0,0.00027918585168257304,0.5439399999999999,5,11330914.0,25.224407196044922,6.071191310882568
20304,0.0,0.0002819777101993988,0.54392,4,8102570.5,25.158294677734375,2.9465272426605225
20305,0.0,0.0002847974873013928,0.5438999999999999,4,192823376.0,25.270261764526367,2.5259156227111816
20306,0.0,0.0002847974873013928,0.5438799999999999,3,15361690.0,25.087350845336914,17.75843620300293
20307,0.0,0.0002876454621744067,0.5438599999999999,4,3974211.0,24.900358200073242,10.337991714477539
20308,0.0,0.0002646338252004542,0.5438399999999999,0,199084784.0,24.607093811035156,7.956695556640625
20309,0.0,0.0002434631191844179,0.54382,0,1493303.875,24.422433853149414,5.068580627441406
20310,0.0,0.00024102848799257372,0.5438,2,366315648.0,24.291257858276367,1.3734703063964844
20311,0.0,0.00023861820311264797,0.5437799999999999,2,4049457.25,24.201650619506836,4.680058479309082
20312,0.0,0.0002362320210815215,0.5437599999999999,2,332516000.0,24.18073272705078,9.103023529052734
20313,0.0,0.0002173334593949998,0.5437399999999999,0,1065166.75,24.26053810119629,2.445218324661255
20314,0.0,0.00019994678264339982,0.54372,0,8735878.0,24.29833221435547,14.0665864944458
20315,0.0,0.00020194625046983383,0.5436999999999999,4,3770287.0,24.361186981201172,4.4150848388671875
20316,0.0,0.00020800463798392887,0.5436799999999999,5,8753230.0,24.1395320892334,18.105369567871094
20317,0.0,0.00019136426694521457,0.5436599999999999,0,42390088.0,24.02134132385254,5.796684265136719
20318,0.0,0.00017605512558959742,0.5436399999999999,0,7184227.5,24.102752685546875,6.231260299682617
20319,0.0,0.0001778156768454934,0.54362,4,48273000.0,24.0695858001709,13.146984100341797
20320,0.0,0.00016359042269785393,0.5435999999999999,0,41641524.0,23.978416442871094,7.362586975097656
20321,0.0,0.0001586827100169183,0.54358,1,24788644.0,24.156641006469727,4.833578109741211
20322,0.0,0.00015709588291674912,0.5435599999999999,2,34494996.0,24.312198638916016,4.343263149261475
20323,0.0,0.0001445282122834092,0.5435399999999999,0,3387487.5,24.503429412841797,2.682659149169922
20324,0.0,0.0001401923659149069,0.54352,1,113871560.0,24.70952606201172,8.22541618347168
20325,0.0,0.00013879044225575783,0.5434999999999999,2,30294268.0,24.76874542236328,7.409165382385254
20326,0.0,0.00013740253783320024,0.54348,2,6015859.5,24.79335594177246,5.3073530197143555
20327,0.0,0.00014152461396819624,0.5434599999999999,5,335920192.0,24.749740600585938,8.744853973388672
20328,0.0,0.00014577035238724212,0.5434399999999999,5,17650896.0,24.64676856994629,5.276534557342529
20329,0.0,0.0001574319805782215,0.5434199999999999,6,6052360.0,24.54695701599121,9.92979621887207
20330,0.0,0.00015270902116087484,0.5433999999999999,1,1630952.625,24.35517120361328,7.606362342834473
20331,0.0,0.0001511819309492661,0.54338,2,12148252.0,24.245553970336914,6.169550895690918
20332,0.0,0.0001466464730207881,0.5433599999999998,1,1058503.5,24.07518196105957,7.988231658935547
20333,0.0,0.000148112937750996,0.5433399999999999,4,132882176.0,24.0502872467041,2.858837127685547
20334,0.0,0.0001436695496184661,0.5433199999999999,1,5201702.5,23.95636749267578,8.195889472961426
20335,0.0,0.0001393594631299121,0.5432999999999999,1,13136660.0,24.012880325317383,6.217383861541748
20336,0.0,0.000137965868498613,0.54328,2,364779136.0,23.977685928344727,11.590221405029297
20337,0.0,0.00013934552718359913,0.5432599999999999,4,25551948.0,23.86037254333496,13.079294204711914
20338,0.0,0.00015049316935828708,0.54324,6,215651376.0,23.7553653717041,8.20058822631836
20339,0.0,0.00015049316935828708,0.5432199999999999,3,225065232.0,23.67268943786621,10.554498672485352
20340,0.0,0.00014597837427753846,0.5431999999999999,1,44687936.0,23.707406997680664,10.075722694396973
20341,0.0,0.00014597837427753846,0.54318,3,28024898.0,23.826963424682617,4.3783721923828125
20342,0.0,0.00014597837427753846,0.5431599999999999,3,259897.546875,23.959882736206055,4.182891845703125
20343,0.0,0.00014597837427753846,0.54314,3,186751264.0,24.177215576171875,5.578952789306641
20344,0.0,0.0001503577255058646,0.5431199999999999,5,10231772.0,24.35392189025879,8.636676788330078
20345,0.0,0.0001503577255058646,0.5430999999999999,3,10726729.0,24.504980087280273,6.537136554718018
20346,0.0,0.00016238634354633378,0.5430799999999999,6,8326492.5,24.596616744995117,10.610771179199219
20347,0.0,0.00016238634354633378,0.5430599999999999,3,6786864.0,24.546232223510742,7.3416008949279785
20348,0.0,0.00016238634354633378,0.54304,3,931849.5625,24.65481185913086,2.5560238361358643
20349,0.0,0.00016238634354633378,0.54302,3,3754905.0,24.706153869628906,2.8955399990081787
20350,0.0,0.0001753772510300405,0.5429999999999999,6,11804374.0,24.604068756103516,12.313825607299805
20351,0.0,0.0001753772510300405,0.5429799999999999,3,38115792.0,24.390541076660156,9.970746994018555
20352,0.0,0.0001701159334991393,0.5429599999999999,1,4655069.0,24.248443603515625,10.70609188079834
20353,0.0,0.00018372520817907045,0.54294,6,41358936.0,24.134910583496094,6.581050395965576
20354,0.0,0.00017821345193369835,0.5429199999999998,1,184912176.0,24.036746978759766,3.109863042831421
20355,0.0,0.0001728670483756874,0.5428999999999999,1,9197719.0,24.047321319580078,7.927102088928223
20356,0.0,0.00017805305982695804,0.5428799999999999,5,2996090.5,23.954898834228516,12.288393020629883
20357,0.0,0.0001638088150408014,0.5428599999999999,0,8397753.0,23.802654266357422,11.99673080444336
20358,0.0,0.00016544690319120943,0.54284,4,90856072.0,23.89221954345703,5.032586097717285
20359,0.0,0.00016710137222312153,0.5428199999999999,4,18803976.0,23.98451805114746,4.405541896820068
20360,0.0,0.00016543035850089032,0.5428,2,10442691.0,24.186491012573242,6.73588228225708
20361,0.0,0.00016708466208589922,0.5427799999999999,4,21188900.0,24.371007919311523,10.593925476074219
20362,0.0,0.00016875550870675823,0.5427599999999999,4,211685.453125,24.55716896057129,4.8053789138793945
20363,0.0,0.00015525506801021758,0.54274,0,12774983.0,24.705408096313477,4.79640531539917
20364,0.0,0.0001428346625694002,0.5427199999999999,0,366152032.0,24.72588539123535,6.89737606048584
20365,0.0,0.00014140631594370618,0.5427,2,345806272.0,24.479297637939453,6.755023956298828
20366,0.0,0.000137164126465395,0.5426799999999999,1,37876644.0,24.09454345703125,5.146503925323486
20367,0.0,0.0001261909963481634,0.5426599999999999,0,616837.0,23.684188842773438,4.731849193572998
20368,0.0,0.0001224052664577185,0.5426399999999999,1,106100656.0,23.226818084716797,10.308341026306152
20369,0.0,0.0001236293191222957,0.5426199999999999,4,13217460.0,22.72218132019043,3.783329963684082
20370,2928391.669999987,0.0005113793333256202,0.5426,4,242374496.0,22.075328826904297,6.004822731018066
20371,2279477.0799999866,0.0004960379533258516,0.5425799999999998,1,12911706.0,19.273115158081055,5.917094707489014
20372,562967.4099999876,0.0005357209895919197,0.5425599999999999,6,18968936.0,19.272933959960938,9.207123756408691
20373,273241.28999998746,0.0005303637796960005,0.5425399999999999,2,6259102.5,19.271148681640625,8.377090454101562
20374,0.0,0.0005250601418990405,0.5425199999999999,2,2706647.5,19.272029876708984,10.416372299194336
20375,0.0,0.0005250601418990405,0.5425,3,37225372.0,19.273765563964844,11.901151657104492
20376,0.0,0.0005250601418990405,0.5424799999999999,3,11988198.0,23.662925720214844,6.576489448547363
20377,0.0,0.0005303107433180309,0.5424599999999999,4,7014763.5,23.937564849853516,4.759796142578125
20378,0.0,0.0005356138507512112,0.5424399999999999,4,14565543.0,24.050193786621094,11.300017356872559
20379,0.0,0.0005409699892587233,0.5424199999999999,4,5076679.5,24.071592330932617,10.180706024169922
20380,0.0,0.0005247408895809616,0.5424,1,6452872.5,24.116256713867188,8.648194313049316
20381,0.0,0.0005089986628935328,0.5423799999999999,1,537884.0,24.516075134277344,8.603132247924805
20382,0.0,0.0005140886495224681,0.54236,4,15589907.0,24.668048858642578,6.2303147315979
20383,0.0,0.0005140886495224681,0.5423399999999999,3,171884352.0,24.514127731323242,6.597299575805664
20384,0.0,0.0005192295360176929,0.5423199999999999,4,3920799.0,24.804969787597656,4.106740951538086
20385,0.0,0.0005140372406575159,0.5423,2,37843264.0,24.73375701904297,11.985152244567871
20386,0.0,0.000519177613064091,0.5422799999999999,4,7830238.5,24.90904426574707,8.071903228759766
20387,0.0,0.000519177613064091,0.54226,3,4795416.5,24.612241744995117,8.300034523010254
20388,0.0,0.000524369389194732,0.5422399999999999,4,2281505.25,24.593599319458008,8.284160614013672
20389,0.0,0.0005296130830866793,0.5422199999999999,4,2359485.25,24.31985855102539,12.253524780273438
20390,0.0,0.0005719821297336137,0.5421999999999999,6,354759264.0,24.18703269958496,5.822072505950928
20391,0.0,0.0005777019510309499,0.5421799999999999,4,91128976.0,24.01972007751465,3.032639741897583
20392,0.0,0.0005834789705412594,0.54216,4,10751115.0,24.182069778442383,2.487192153930664
20393,0.0,0.0005834789705412594,0.5421399999999998,3,27248796.0,24.279672622680664,5.152125835418701
20394,0.0,0.0005776441808358467,0.5421199999999999,2,72830552.0,24.455366134643555,5.454672336578369
20395,0.0,0.0005834206226442052,0.5420999999999999,4,92556336.0,24.55603790283203,5.972743034362793
20396,0.0,0.0005775864164177631,0.5420799999999999,2,38069024.0,24.463489532470703,5.725823402404785
20397,0.0,0.000594914008910296,0.54206,5,304041.09375,24.506834030151367,9.618005752563477
20398,0.0,0.0005770665886429871,0.5420399999999999,1,40084480.0,24.287353515625,5.961087703704834
20399,0.0,0.0006232319157344261,0.54202,6,39862092.0,24.50559425354004,1.3094191551208496
20400,0.0,0.0006045349582623934,0.5419999999999999,1,380496096.0,24.27387046813965,5.264139652252197
20401,0.0,0.0006528977549233849,0.5419799999999999,6,2076300.5,24.538434982299805,5.937123775482178
20402,0.0,0.0006333108222756834,0.54196,1,512935.9375,24.42313575744629,1.4723752737045288
20403,0.0,0.0006333108222756834,0.5419399999999999,3,21179202.0,24.595186233520508,8.43608283996582
20404,0.0,0.0006143114976074129,0.54192,1,8439720.0,24.46805191040039,10.933055877685547
20405,0.0,0.0006204546125834871,0.5418999999999999,4,84266624.0,24.343059539794922,9.744455337524414
20406,0.0,0.0006700909815901661,0.5418799999999999,6,12909326.0,24.058834075927734,11.5404634475708
20407,0.0,0.0007236982601173794,0.5418599999999999,6,61443008.0,23.827590942382812,6.004834175109863
20408,0.0,0.000701987312313858,0.5418399999999999,1,23962398.0,23.677236557006836,12.527436256408691
20409,0.0,0.0006809276929444422,0.54182,1,37582156.0,23.636728286743164,9.134458541870117
20410,0.0,0.0006604998621561089,0.5418,1,17729952.0,23.60251808166504,10.015564918518066
20411,0.0,0.0006406848662914256,0.5417799999999999,1,8158769.5,23.63086700439453,7.521432399749756
20412,0.0,0.0006214643203026829,0.5417599999999999,1,187963072.0,23.656118392944336,9.74740219116211
20413,0.0,0.0006028203906936024,0.5417399999999999,1,2579586.75,23.76656150817871,8.764314651489258
20414,0.0,0.0006510460219490906,0.54172,6,38509164.0,23.93854331970215,8.36529541015625
20415,0.0,0.0006705774026075634,0.5416999999999998,5,58653348.0,24.10231590270996,4.767759323120117
20416,0.0,0.0006504600805293365,0.5416799999999999,1,5479749.5,24.374296188354492,5.530322074890137
20417,0.0,0.0006309462781134564,0.5416599999999999,1,85481200.0,24.679855346679688,7.8918561935424805
20418,0.0,0.0006814219803625329,0.5416399999999999,6,197545376.0,24.930524826049805,0.6718366146087646
20419,0.0,0.0007359357387915356,0.54162,6,620190.125,25.0502872467041,6.062245845794678
20420,0.0,0.0007948105978948585,0.5415999999999999,6,1905699.875,25.228124618530273,4.397714138031006
20421,0.0,0.0007312257500632698,0.54158,0,5537496.0,25.291833877563477,5.694894313812256
20422,0.0,0.0007897238100683314,0.5415599999999999,6,21688440.0,25.26881980895996,9.690940856933594
20423,0.0,0.0007976210481690148,0.5415399999999999,4,30057844.0,25.02579689025879,3.639840602874756
20424,0.0,0.0007736924167239443,0.54152,1,65042012.0,24.789974212646484,7.4517292976379395
20425,0.0,0.0008355878100618599,0.5414999999999999,6,88678904.0,24.525333404541016,8.031899452209473
20426,0.0,0.0008439436881624785,0.54148,4,9276526.0,24.204267501831055,4.868078231811523
20427,0.0,0.0008692619988073529,0.5414599999999999,5,2695887.75,23.914533615112305,12.373637199401855
20428,0.0,0.0008953398587715735,0.5414399999999999,5,357164192.0,23.60832405090332,8.597273826599121
20429,0.0,0.0008953398587715735,0.5414199999999999,3,2535782.25,23.47210121154785,4.776229381561279
20430,0.0,0.0008953398587715735,0.5413999999999999,3,75292128.0,23.436235427856445,8.590217590332031
20431,0.0,0.0008684796630084263,0.54138,1,2467671.25,23.57201385498047,6.88950252532959
20432,0.0,0.000859794866378342,0.5413599999999998,2,5055468.0,23.833126068115234,6.968148231506348
20433,0.0,0.0008511969177145586,0.5413399999999999,2,3171194.0,23.987829208374023,13.149978637695312
20434,0.0,0.0008511969177145586,0.5413199999999999,3,167846832.0,24.253402709960938,4.83064079284668
20435,0.0,0.000842684948537413,0.5412999999999999,2,133553544.0,24.45074462890625,8.458662986755371
20436,0.0,0.0008342580990520389,0.54128,2,16974728.0,24.63193130493164,4.343325614929199
20437,0.0,0.0007675174511278758,0.5412599999999999,0,27723.0390625,24.671655654907227,9.078154563903809
20438,0.0,0.0007598422766165971,0.5412399999999999,2,7140954.0,24.704490661621094,8.129277229309082
20439,0.0,0.0006990548944872694,0.5412199999999999,0,2757073.0,24.594018936157227,7.439022541046143
20440,0.0,0.0006780832476526512,0.5411999999999999,1,30723244.0,24.47907257080078,5.69089412689209
20441,0.0,0.0006238365878404391,0.54118,0,73190864.0,24.278871536254883,10.605606079101562
20442,0.0,0.0006051214902052259,0.5411599999999999,1,28876330.0,24.18486785888672,7.257595062255859
20443,0.0,0.0006051214902052259,0.54114,3,127213280.0,24.066299438476562,9.237378120422363
20444,0.0,0.0005869678454990692,0.5411199999999999,1,39394004.0,24.01929473876953,6.923329830169678
20445,0.0,0.0005693588101340971,0.5410999999999999,1,70345096.0,24.04543113708496,6.7177605628967285
20446,0.0,0.0005238101053233694,0.54108,0,5365428.5,24.095102310180664,6.588049411773682
20447,0.0,0.00048190529689749983,0.5410599999999999,0,70141376.0,24.16832160949707,8.315853118896484
20448,0.0,0.00047708624392852483,0.54104,2,107614296.0,24.29916763305664,4.757824897766113
20449,0.0,0.00043891934441424286,0.54102,0,6683176.5,24.461910247802734,4.902040958404541
20450,0.0,0.00040380579686110344,0.5409999999999999,0,378854464.0,24.698993682861328,3.844602108001709
20451,0.0,0.00040784385482971447,0.5409799999999999,4,6725446.0,24.872722625732422,7.887225151062012
20452,0.0,0.00037521634644333734,0.5409599999999999,0,40341180.0,24.989635467529297,4.532436847686768
20453,0.0,0.0003451990387278704,0.54094,0,39417000.0,25.029224395751953,6.41861629486084
20454,0.0,0.0003555550098897065,0.5409199999999998,5,44815088.0,24.964048385620117,5.749453544616699
20455,0.0,0.00035911055998860355,0.5408999999999999,4,65361628.0,24.761629104614258,12.063066482543945
20456,0.0,0.0003878394047876919,0.5408799999999999,6,43341116.0,24.522308349609375,8.241903305053711
20457,0.0,0.00039947458693132264,0.5408599999999999,5,25546668.0,24.341129302978516,5.196244716644287
20458,0.0,0.0003954798410620094,0.54084,2,327273440.0,24.22972869873047,6.789813041687012
20459,0.0,0.0003915250426513893,0.5408199999999999,2,84534544.0,24.108299255371094,7.241762161254883
20460,0.0,0.0003797792913718476,0.5408,1,11580814.0,23.77769660949707,3.637816905975342
20461,0.0,0.0003797792913718476,0.5407799999999999,3,28058518.0,23.485107421875,5.617330074310303
20462,0.0,0.0003797792913718476,0.5407599999999999,3,1638288.125,23.207067489624023,4.24941349029541
20463,0.0,0.00034939694806209983,0.54074,0,119365728.0,23.033519744873047,1.749733567237854
20464,4961987.440000007,0.0005243809352339768,0.5407199999999999,0,9119610.0,22.84787368774414,7.173181533813477
20465,3389672.8200000003,0.000566331410052695,0.5407,6,281084.53125,19.242921829223633,9.993496894836426
20466,2208613.3100000005,0.000571994724153222,0.5406799999999999,4,30056682.0,19.242172241210938,7.596138954162598
20467,0.0,0.0005262351462209643,0.5406599999999999,0,436515040.0,19.240787506103516,10.400066375732422
20468,0.0,0.0005314974976831739,0.5406399999999999,4,65154556.0,19.237953186035156,6.473138809204102
20469,0.0,0.0005368124726600057,0.5406199999999999,4,113590112.0,23.908668518066406,5.234556674957275
20470,0.0,0.0005314443479334056,0.5406,2,74308096.0,24.050527572631836,5.172233581542969
20471,0.0,0.0005261299044540715,0.54058,2,4969402.5,24.439815521240234,6.186422824859619
20472,0.0,0.0005208686054095307,0.5405599999999999,2,349327328.0,24.61582374572754,5.424900054931641
20473,0.0,0.0005156599193554354,0.5405399999999999,2,2842562.75,24.490007400512695,10.914823532104492
20474,0.0,0.0005208165185489898,0.5405199999999999,4,44107328.0,24.406164169311523,7.168032169342041
20475,0.0,0.0005260246837344797,0.5405,4,11231673.0,24.15833282470703,6.201079368591309
20476,0.0,0.0005207644368971348,0.5404799999999998,2,12932922.0,24.140729904174805,6.8088250160217285
20477,0.0,0.0005259720812661062,0.5404599999999999,4,2449560.75,24.34974479675293,5.317972660064697
20478,0.0,0.00048389431476481774,0.5404399999999999,0,7404668.0,24.119564056396484,11.492057800292969
20479,0.0,0.00046937748532187317,0.5404199999999999,1,32377396.0,24.5037784576416,9.355597496032715
20480,0.0,0.0004834588098815294,0.5404,5,2640758.5,24.327470779418945,9.29861831665039
20481,0.0,0.00044478210509100703,0.5403799999999999,0,42062316.0,23.82125473022461,14.083648681640625
20482,0.0,0.00045812556824373726,0.54036,5,27974792.0,24.34015655517578,3.654390335083008
20483,0.0,0.0004214755227842383,0.5403399999999999,0,352433984.0,23.87844467163086,6.150792121887207
20484,0.0,0.0004172607675563959,0.5403199999999999,2,124903.6328125,24.415189743041992,5.900935173034668
20485,0.0,0.0004506416289609076,0.5403,6,255485088.0,24.332490921020508,3.1353232860565186
20486,0.0,0.00048669295927778025,0.5402799999999999,6,18739832.0,24.279170989990234,7.256383419036865
20487,0.0,0.0005256283960200027,0.54026,6,11443853.0,24.459209442138672,9.695140838623047
20488,0.0,0.000567678667701603,0.5402399999999999,6,381503744.0,24.538677215576172,8.374740600585938
20489,0.0,0.0005222643742854747,0.5402199999999999,0,59432272.0,24.51949691772461,10.237320899963379
20490,0.0,0.0005640455242283128,0.5401999999999999,6,2241235.75,24.681978225708008,12.084247589111328
20491,0.0,0.0006091691661665778,0.5401799999999999,6,48572148.0,24.144020080566406,6.701581001281738
20492,0.0,0.0005908940911815804,0.54016,1,7459332.5,24.045766830444336,1.9887549877166748
20493,0.0,0.0006381656184761069,0.5401399999999998,6,684019.0,24.1632080078125,8.863382339477539
20494,0.0,0.0006892188679541955,0.5401199999999999,6,3475732.75,23.837650299072266,4.394649982452393
20495,0.0,0.0007098954339928214,0.5400999999999999,5,24886904.0,23.822044372558594,5.319389820098877
20496,0.0,0.0007666870687122471,0.5400799999999999,6,18701250.0,23.94007110595703,2.92225980758667
20497,0.0,0.0007590201980251246,0.54006,2,269589024.0,23.966291427612305,5.377049922943115
20498,0.0,0.0007514299960448734,0.5400399999999999,2,5162863.0,24.295656204223633,6.1758036613464355
20499,0.0,0.0007439156960844246,0.54002,2,19727018.0,24.39618682861328,8.70737075805664
20500,0.0,0.0007662331669669574,0.5399999999999999,5,3114018.5,24.423540115356445,9.718393325805664
20501,0.0,0.0007892201619759662,0.5399799999999999,5,42843332.0,24.391742706298828,7.008445739746094
20502,0.0,0.0008128967668352452,0.53996,5,4577865.5,24.38120460510254,9.14971923828125
20503,0.0,0.0008779285081820648,0.5399399999999999,6,171458192.0,24.36020278930664,7.888482093811035
20504,0.0,0.0008779285081820648,0.53992,3,257637.46875,24.42449188232422,2.2809953689575195
20505,0.0,0.0009042663634275268,0.5398999999999999,5,17783276.0,24.552566528320312,6.395120620727539
20506,0.0,0.0009313943543303526,0.5398799999999999,5,41125692.0,24.51181411743164,11.427690505981445
20507,0.0,0.0009407082978736561,0.5398599999999999,4,28575798.0,24.536510467529297,6.006361484527588
20508,0.0,0.0009501153808523927,0.5398399999999999,4,1329489.125,24.517030715942383,9.35447883605957
20509,0.0,0.0009596165346609166,0.53982,4,25408158.0,24.406238555908203,6.706764221191406
20510,0.0,0.0009692127000075258,0.5398,4,9082694.0,24.268451690673828,13.698522567749023
20511,0.0,0.0009595205730074506,0.5397799999999999,2,7849566.5,24.183408737182617,3.2700998783111572
20512,0.0,0.000930734955817227,0.5397599999999999,1,14252599.0,24.196128845214844,6.241020202636719
20513,0.0,0.0009586570044917439,0.5397399999999999,5,15571898.0,24.170103073120117,8.019522666931152
20514,0.0,0.0010353495648510835,0.53972,6,13123136.0,24.122243881225586,7.411896228790283
20515,0.0,0.0010353495648510835,0.5396999999999998,3,164864480.0,24.151338577270508,9.025938987731934
20516,0.0,0.0011181775300391703,0.5396799999999999,6,465969.6875,24.335506439208984,5.69151496887207
20517,0.0,0.0012076317324423039,0.5396599999999999,6,108725.8671875,24.400033950805664,4.117265224456787
20518,0.0,0.0012197080497667269,0.5396399999999999,4,74153176.0,24.433349609375,11.30529499053955
20519,0.0,0.001317284693748065,0.53962,6,243469.953125,24.508800506591797,6.402641296386719
20520,0.0,0.0014226674692479103,0.5395999999999999,6,6231591.0,24.42892074584961,8.308597564697266
20521,0.0,0.0013088540717080775,0.53958,0,239830496.0,24.44576072692871,4.850064754486084
20522,0.0,0.0012695884495568352,0.5395599999999999,1,11242665.0,24.53371810913086,9.193212509155273
20523,0.0,0.0011680213735922884,0.5395399999999999,0,1017741.625,24.464998245239258,8.775269508361816
20524,0.0,0.0010745796637049053,0.53952,0,59772940.0,24.4821834564209,5.475841999053955
20525,0.0,0.0011068170536160525,0.5394999999999999,5,20039020.0,24.409151077270508,11.074380874633789
20526,0.0,0.0010736125420075708,0.53948,1,6996059.5,24.216455459594727,6.958006858825684
20527,0.0,0.0009877235386469652,0.5394599999999999,0,6200596.5,24.1834716796875,11.01285171508789
20528,0.0,0.0009778463032604956,0.5394399999999999,2,3264628.5,24.022180557250977,11.289179801940918
20529,0.0,0.000899618598999656,0.5394199999999999,0,22814316.0,23.933547973632812,3.5805304050445557
20530,0.0,0.0008276491110796836,0.5393999999999999,0,1212707.375,24.027652740478516,6.76254415512085
20531,0.0,0.000761437182193309,0.53938,0,238412400.0,24.09514808654785,9.21728801727295
20532,0.0,0.0007842802976591082,0.5393599999999998,5,35743336.0,24.19890594482422,5.258106231689453
20533,0.0,0.0008078087065888815,0.5393399999999999,5,6376593.0,24.225915908813477,5.534578800201416
20534,0.0,0.0008158867936547703,0.5393199999999999,4,354848448.0,24.387130737304688,3.64974308013916
20535,0.0,0.0008158867936547703,0.5392999999999999,3,12764905.0,24.590402603149414,7.85899543762207
20536,0.0,0.0008077279257182226,0.53928,2,26106498.0,24.670013427734375,13.712085723876953
20537,0.0,0.0008319597634897693,0.5392599999999999,5,49168816.0,24.61614418029785,10.830266952514648
20538,0.0,0.0007654029824105878,0.5392399999999999,0,12518862.0,24.485523223876953,8.717695236206055
20539,0.0,0.0007883650718829054,0.5392199999999999,5,10007772.0,24.53580093383789,6.282333850860596
20540,0.0,0.0007962487226017345,0.5391999999999999,4,962591.5,24.399112701416016,3.4608116149902344
20541,0.0,0.0008599486204098732,0.53918,6,9642940.0,24.454408645629883,7.056564807891846
20542,0.0,0.0008599486204098732,0.5391599999999999,3,4537107.0,24.421470642089844,6.394528388977051
20543,0.0,0.0009287445100426632,0.53914,6,7364468.5,24.3873233795166,12.627492904663086
20544,0.0,0.0010030440708460762,0.5391199999999999,6,101609336.0,24.174062728881836,11.259550094604492
20545,0.0,0.0010331353929714585,0.5390999999999999,5,7787735.0,24.004249572753906,11.611308097839355
20546,0.0,0.0011157862244091752,0.53908,6,41741112.0,23.854093551635742,7.124258995056152
20547,0.0,0.001126944086653267,0.5390599999999999,4,7882210.0,23.832456588745117,4.8022308349609375
20548,0.0,0.0010367885597210057,0.53904,0,120947.9765625,23.86162567138672,9.286874771118164
20549,0.0,0.0010367885597210057,0.5390199999999999,3,46220836.0,23.860746383666992,12.290952682495117
20550,0.0,0.0010471564453182157,0.5389999999999999,4,24012866.0,23.9379825592041,3.95862078666687
20551,0.0,0.0010366848808650336,0.5389799999999999,2,20646636.0,24.115859985351562,7.181490898132324
20552,0.0,0.001047051729673684,0.5389599999999999,4,18925456.0,24.33133316040039,7.436728477478027
20553,0.0,0.0010156401777834734,0.53894,1,193085696.0,24.35671043395996,5.265606880187988
20554,0.0,0.0010257965795613083,0.5389199999999998,4,15226790.0,24.21320915222168,4.429349899291992
20555,4856430.770000009,0.0006283168508777567,0.5388999999999999,6,12160656.0,23.860855102539062,3.876647472381592
20556,3519041.5600000108,0.0006785821989479773,0.5388799999999999,6,361386752.0,19.307861328125,15.62409782409668
20557,3177479.1700000106,0.0006853680209374571,0.5388599999999999,4,3744291.25,19.3062801361084,5.009799480438232
20558,187339.50999999652,0.0006853680209374571,0.53884,3,4258579.5,19.303056716918945,8.524035453796387
20559,0.0,0.0006785143407280825,0.5388199999999999,2,5925594.0,19.300498962402344,3.4202303886413574
20560,0.0,0.0006785143407280825,0.5388,3,19530186.0,19.299503326416016,5.222712993621826
20561,0.0,0.00065815891050624,0.5387799999999999,1,8473222.0,24.356853485107422,2.7264976501464844
20562,0.0,0.0006055061976657409,0.5387599999999999,0,51763928.0,23.439170837402344,17.118228912353516
20563,0.0,0.0005994511356890834,0.53874,2,63706584.0,23.175504684448242,7.530098915100098
20564,0.0,0.0005994511356890834,0.5387199999999999,3,13765949.0,24.812864303588867,5.99809455871582
20565,0.0,0.0006054456470459742,0.5387,4,5784169.0,24.656002044677734,7.546419143676758
20566,0.0,0.0006054456470459742,0.5386799999999999,3,5252750.5,24.493732452392578,8.84302043914795
20567,0.0,0.0006236090164573535,0.5386599999999999,5,17314070.0,24.63090705871582,4.069217681884766
20568,0.0,0.0005737202951407652,0.5386399999999999,0,359084.375,24.46141815185547,5.350380897521973
20569,0.0,0.0005679830921893576,0.5386199999999999,2,153941568.0,25.056941986083984,13.021851539611816
20570,0.0,0.0005679830921893576,0.5386,3,142791184.0,24.89446449279785,2.961671829223633
20571,0.0,0.0005509435994236768,0.53858,1,7738350.0,24.893701553344727,2.0866386890411377
20572,0.0,0.0005344152914409665,0.5385599999999999,1,56345760.0,25.154375076293945,8.796304702758789
20573,0.0,0.0005183828326977375,0.5385399999999999,1,409627072.0,25.138458251953125,11.258569717407227
20574,0.0,0.0005339343176786697,0.5385199999999999,5,3866804.75,25.113035202026367,5.040161609649658
20575,0.0,0.0004912195722643762,0.5385,0,5292064.0,24.712629318237305,7.1943817138671875
20576,0.0,0.00047648298509644487,0.5384799999999998,1,18885696.0,25.184595108032227,4.13223934173584
20577,0.0,0.0004907774746493382,0.5384599999999999,5,65754504.0,25.026029586791992,5.594643592834473
20578,0.0,0.0004515152766773912,0.5384399999999999,0,1196925.0,24.62618064880371,8.989222526550293
20579,0.0,0.0004470001239106173,0.5384199999999999,2,29452714.0,24.873632431030273,7.0770416259765625
20580,0.0,0.00041124011399776793,0.5384,0,10048440.0,24.63357162475586,5.642271518707275
20581,0.0,0.00041535251513774563,0.5383799999999999,4,12713700.0,24.748380661010742,4.730498790740967
20582,0.0,0.000427813090591878,0.53836,5,23902240.0,24.50599479675293,4.377856254577637
20583,0.0,0.0004235349596859592,0.5383399999999999,2,13674693.0,24.497692108154297,3.7302215099334717
20584,0.0,0.0004192996100890996,0.5383199999999999,2,2550114.5,24.659488677978516,9.661877632141113
20585,0.0,0.0004234926061899906,0.5383,4,320205.96875,24.654827117919922,6.8977813720703125
20586,0.0,0.00041078782800429086,0.5382799999999999,1,5163943.0,24.420019149780273,12.158658981323242
20587,0.0,0.00041078782800429086,0.53826,3,60278644.0,24.369096755981445,9.687034606933594
20588,0.0,0.00037792480176394763,0.5382399999999999,0,8132136.0,24.149831771850586,9.198918342590332
20589,0.0,0.00037414555374630813,0.5382199999999999,2,365652384.0,24.07753562927246,9.631335258483887
20590,0.0,0.0003853699203586974,0.5381999999999999,5,122556552.0,23.974157333374023,4.129676818847656
20591,0.0,0.0003545403267300016,0.5381799999999999,0,34303372.0,23.886445999145508,5.127836227416992
20592,0.0,0.0003580857299973016,0.53816,4,1823232.0,24.125347137451172,4.383967876434326
20593,0.0,0.0003580857299973016,0.5381399999999998,3,1275863.875,24.182497024536133,2.2122952938079834
20594,0.0,0.00036166658729727463,0.5381199999999999,4,21420586.0,24.361862182617188,6.4572930335998535
20595,0.0,0.00036166658729727463,0.5380999999999999,3,359989376.0,24.43006706237793,6.501829147338867
20596,0.0,0.00036166658729727463,0.5380799999999999,3,1011725.875,24.50862693786621,6.052816867828369
20597,0.0,0.00036166658729727463,0.53806,3,5660491.0,24.57503318786621,0.9256533980369568
20598,0.0,0.00036166658729727463,0.5380399999999999,3,19033808.0,24.65341567993164,3.75532865524292
20599,0.0,0.00036166658729727463,0.5380199999999999,3,71485888.0,24.73040771484375,5.56205415725708
20600,0.0,0.0003652832531702474,0.5379999999999999,4,26534944.0,24.723970413208008,8.178278923034668
20601,0.0,0.0003945059134238672,0.5379799999999999,6,4141281.25,24.623165130615234,7.602327823638916
20602,0.0,0.00039056085428962854,0.53796,2,1691209.5,24.465160369873047,8.933326721191406
20603,0.0,0.0003593159859464583,0.5379399999999999,0,32334990.0,24.443748474121094,8.903728485107422
20604,0.0,0.00033057070707074167,0.53792,0,64941092.0,24.490419387817383,2.743081569671631
20605,0.0,0.00030412505050508235,0.5378999999999999,0,126484824.0,24.475139617919922,7.871367454528809
20606,0.0,0.0002797950464646758,0.5378799999999999,0,7806408.0,24.437360763549805,10.578932762145996
20607,0.0,0.0002881888978586161,0.53786,5,21175248.0,24.422487258911133,5.32215690612793
20608,0.0,0.00028530700888002996,0.5378399999999999,2,3660250.0,24.316598892211914,2.56425142288208
20609,0.0,0.0003081315695904324,0.53782,6,477445.65625,24.357398986816406,9.245394706726074
20610,0.0,0.0003081315695904324,0.5378,3,38235096.0,24.240177154541016,5.147614479064941
20611,0.0,0.00031737551667814537,0.5377799999999999,5,14076287.0,24.34844207763672,7.218885898590088
20612,0.0,0.00032689678217848975,0.5377599999999999,5,8729121.0,24.32349395751953,6.697176456451416
20613,0.0,0.00032362781435670484,0.5377399999999999,2,188189952.0,24.370502471923828,4.393287658691406
20614,0.0,0.00034951803950524125,0.53772,6,60100140.0,24.417373657226562,9.469264030456543
20615,0.0,0.00034602285911018883,0.5376999999999998,2,527265.375,24.27873420715332,5.76316499710083
20616,0.0,0.00033564217333688313,0.5376799999999999,1,222541120.0,24.371591567993164,7.402037620544434
20617,0.0,0.00033564217333688313,0.5376599999999999,3,60707352.0,24.381166458129883,6.017380714416504
20618,0.0,0.0003457114385369896,0.5376399999999999,5,509867.875,24.359010696411133,5.687469482421875
20619,0.0,0.0003560827816930993,0.53762,5,1311360.625,24.445396423339844,3.1081173419952393
20620,0.0,0.0003845694042285473,0.5375999999999999,6,180838048.0,24.54489517211914,6.289575576782227
20621,0.0,0.0003845694042285473,0.53758,3,41013088.0,24.678564071655273,1.4009793996810913
20622,0.0,0.0003961064863554037,0.5375599999999999,5,2364552.25,24.918203353881836,3.926398277282715
20623,0.0,0.0003961064863554037,0.5375399999999999,3,5354393.0,24.966670989990234,3.878124713897705
20624,0.0,0.0003961064863554037,0.53752,3,346679296.0,25.030366897583008,9.42891788482666
20625,0.0,0.00040798968094606585,0.5374999999999999,5,7505846.5,25.01837158203125,4.016097068786621
20626,0.0,0.00040798968094606585,0.53748,3,21418360.0,24.87703514099121,11.008492469787598
20627,0.0,0.00040798968094606585,0.5374599999999999,3,46829928.0,24.870386123657227,5.3353681564331055
20628,0.0,0.00040798968094606585,0.5374399999999999,3,12717655.0,24.805837631225586,5.585748672485352
20629,0.0,0.00042022937137444784,0.5374199999999999,5,3408956.25,24.69261932373047,8.30190372467041
20630,0.0,0.000386611021664492,0.5373999999999999,0,1329510.25,24.396831512451172,14.959768295288086
20631,0.0,0.0003982093523144268,0.53738,5,6564076.0,24.335338592529297,5.885137557983398
20632,0.0,0.0003982093523144268,0.53736,3,12245159.0,24.04086685180664,7.836452960968018
20633,0.0,0.00043006610049958093,0.5373399999999999,6,4379463.0,23.97479820251465,5.367292404174805
20634,0.0,0.0003956608124596145,0.5373199999999999,0,4412109.5,23.841167449951172,7.231196403503418
20635,0.0,0.00038379098808582606,0.5372999999999999,1,2100462.25,23.954315185546875,6.9060869216918945
20636,0.0,0.00038379098808582606,0.53728,3,4591212.0,24.016056060791016,5.84464693069458
20637,0.0,0.00035308770903896,0.5372599999999998,0,211975312.0,24.129579544067383,8.548229217529297
20638,0.0,0.0003566185861293496,0.5372399999999999,4,6967663.5,24.343612670898438,4.901216506958008
20639,0.0,0.0003530524002680561,0.5372199999999999,2,6590769.0,24.47232437133789,9.076598167419434
20640,0.0,0.00035658292427073664,0.5371999999999999,4,35504428.0,24.577381134033203,10.283500671386719
20641,0.0,0.0003851095582123956,0.53718,6,617819.4375,24.584693908691406,9.923458099365234
20642,0.0,0.00038896065379451954,0.5371599999999999,4,25406974.0,24.43631935119629,13.1184663772583
20643,0.0,0.00039285026033246477,0.53714,4,35321368.0,24.31471824645996,9.04469108581543
20644,0.0,0.00039677876293578944,0.5371199999999999,4,7506142.0,23.937021255493164,7.916216850280762
20645,0.0,0.00040868212582386316,0.5370999999999999,5,21085468.0,23.519268035888672,7.159209728240967
20646,6477457.080000002,0.0005910869005782177,0.53708,2,661903.4375,23.136734008789062,9.70561695098877
20647,4290967.720000004,0.0005910869005782177,0.5370599999999999,3,11712715.0,19.254051208496094,7.991145133972168
20648,2301167.1699999976,0.0006383738526244752,0.53704,6,398270.34375,19.25270652770996,8.628994941711426
20649,1283132.9999999965,0.0006383738526244752,0.5370199999999999,3,328195.15625,19.25124168395996,3.555511474609375
20650,644201.7499999969,0.0006575250682032094,0.5369999999999999,5,15882067.0,19.248802185058594,5.654242515563965
20651,50336.449999997276,0.0007101270736594662,0.5369799999999999,6,488504.1875,19.24821662902832,9.200359344482422
20652,0.0,0.0007101270736594662,0.5369599999999999,3,716605.25,19.248857498168945,5.801037788391113
20653,0.0,0.0007314308858692502,0.53694,5,11683916.0,19.246715545654297,10.289397239685059
20654,0.0,0.0007241165770105576,0.5369199999999998,2,7096606.5,24.633853912353516,1.3821775913238525
20655,0.0,0.000716875411240452,0.5368999999999999,2,8298823.0,24.97675323486328,7.261845588684082
20656,0.0,0.0007742254441396883,0.5368799999999999,6,7284257.0,24.86573028564453,10.567989349365234
20657,0.0,0.0007742254441396883,0.5368599999999999,3,29291472.0,24.181936264038086,16.245033264160156
20658,0.0,0.0007122874086085133,0.53684,0,400828.96875,24.14977264404297,8.793758392333984
20659,0.0,0.0007122874086085133,0.5368199999999999,3,22626856.0,24.06902503967285,8.077041625976562
20660,0.0,0.0007122874086085133,0.5367999999999999,3,6769315.0,23.56358528137207,7.242369174957275
20661,0.0,0.0007122874086085133,0.5367799999999999,3,52710856.0,23.387205123901367,6.911224365234375
20662,0.0,0.0007692704012971944,0.5367599999999999,6,76870312.0,23.31549835205078,9.108981132507324
20663,0.0,0.0007692704012971944,0.53674,3,116597384.0,23.16887855529785,8.232731819152832
20664,0.0,0.0007692704012971944,0.5367199999999999,3,196356032.0,23.525270462036133,6.652496814727783
20665,0.0,0.0007615776972842225,0.5367,2,186073968.0,23.77110481262207,7.456597328186035
20666,0.0,0.0007539619203113802,0.5366799999999999,2,3051873.0,24.03546714782715,11.9540376663208
20667,0.0,0.0007539619203113802,0.5366599999999999,3,66058324.0,24.284008026123047,4.732397556304932
20668,0.0,0.0008142788739362907,0.5366399999999999,6,202721600.0,24.32430648803711,8.913990020751953
20669,0.0,0.0008061360851969278,0.5366199999999999,2,2990252.75,24.268436431884766,2.989058256149292
20670,0.0,0.000870626972012682,0.5366,6,37538776.0,24.555164337158203,6.169071197509766
20671,0.0,0.0009402771297736967,0.53658,6,7675622.0,24.450183868408203,1.6472063064575195
20672,0.0,0.000865054959391801,0.5365599999999999,0,384250.34375,24.515792846679688,7.353572845458984
20673,0.0,0.000795850562640457,0.5365399999999999,0,377250848.0,24.934720993041992,2.805320978164673
20674,0.0,0.0007321825176292205,0.5365199999999999,0,12247687.0,24.978742599487305,3.9137814044952393
20675,0.0,0.0007102170421003438,0.5365,1,559100.0,24.904836654663086,6.84306526184082
20676,0.0,0.0006533996787323164,0.5364799999999998,0,360497120.0,24.633813858032227,12.037710189819336
20677,0.0,0.0006599336755196395,0.5364599999999999,4,6154448.0,24.446508407592773,5.172399044036865
20678,0.0,0.0006071389814780683,0.5364399999999999,0,59325440.0,24.146249771118164,3.7366726398468018
20679,0.0,0.0005585678629598229,0.5364199999999999,0,153359584.0,24.26398468017578,3.5735297203063965
20680,0.0,0.000513882433923037,0.5364,0,145403024.0,24.30257225036621,5.334799766540527
20681,0.0,0.0004727718392091941,0.5363799999999999,0,868142.625,24.35130500793457,9.413701057434082
20682,0.0,0.0004680441208171021,0.53636,2,3450018.75,24.3956241607666,6.528858184814453
20683,0.0,0.00043060059115173396,0.5363399999999999,0,13765676.0,24.39754867553711,2.996910572052002
20684,0.0,0.0004176825734171819,0.5363199999999999,1,4921601.0,24.539854049682617,3.9499285221099854
20685,0.0,0.00040515209621466643,0.5363,1,17680474.0,24.49837875366211,9.180133819580078
20686,0.0,0.0003727399285174931,0.5362799999999999,0,9030143.0,24.4738712310791,5.971929550170898
20687,0.0,0.0003615577306619683,0.53626,1,5330916.0,24.443559646606445,9.210771560668945
20688,0.0,0.00035071099874210926,0.5362399999999999,1,26395894.0,24.416549682617188,4.457279682159424
20689,0.0,0.00034720388875468815,0.5362199999999999,2,10634733.0,24.423824310302734,3.9762821197509766
20690,0.0,0.0003367877720920475,0.5361999999999999,1,3411116.0,24.375776290893555,10.827530860900879
20691,0.0,0.00032668413892928604,0.5361799999999999,1,12889149.0,24.334230422973633,8.389538764953613
20692,0.0,0.0003168836147614074,0.53616,1,2841457.0,24.27689552307129,7.31521463394165
20693,0.0,0.0003073771063185652,0.5361399999999998,1,823285.5,24.297815322875977,4.512975692749023
20694,0.0,0.00031045087738175084,0.5361199999999999,4,4254127.0,24.349712371826172,7.001886367797852
20695,0.0,0.0003135553861555683,0.5360999999999999,4,362450080.0,24.325366973876953,9.197334289550781
20696,0.0,0.00031041983229401266,0.5360799999999999,2,6535681.0,24.434236526489258,3.9803152084350586
20697,0.0,0.00028558624571049167,0.53606,0,196108944.0,24.56864356994629,2.3955280780792236
20698,0.0,0.00028273038325338673,0.5360399999999998,2,8917945.0,24.67182159423828,3.4500930309295654
20699,0.0,0.0002912122947509883,0.5360199999999999,5,46536.38671875,24.694740295410156,4.420063495635986
20700,0.0,0.0002912122947509883,0.5359999999999999,3,2385662.25,24.748058319091797,3.8183329105377197
20701,0.0,0.0002883001718034784,0.5359799999999999,2,262578.90625,24.853837966918945,5.41155481338501
20702,0.0,0.0003113641855477567,0.53596,6,7386267.0,24.824522018432617,12.496387481689453
20703,0.0,0.00033627332039157725,0.5359399999999999,6,12275178.0,24.740432739257812,0.9100794792175293
20704,0.0,0.0003463615200033246,0.53592,5,35368528.0,24.692644119262695,6.197849750518799
20705,0.0,0.0003428979048032913,0.5358999999999999,2,75594752.0,24.54103660583496,9.215622901916504
20706,0.0,0.00035318484194739005,0.5358799999999999,5,8100326.0,24.419801712036133,5.501224517822266
20707,0.0,0.00035671669036686397,0.53586,4,153730544.0,24.241525650024414,7.0283331871032715
20708,0.0,0.0003281793551375149,0.5358399999999999,0,33073856.0,24.138715744018555,7.55146598815918
20709,0.0,0.00031833397448338945,0.53582,1,19004498.0,24.109750747680664,8.179964065551758
20710,0.0,0.0003087839552488878,0.5357999999999999,1,1739801.375,23.895126342773438,15.011789321899414
20711,0.0,0.0002995204365914211,0.5357799999999999,1,2931524.0,23.766061782836914,8.01858139038086
20712,0.0,0.00030850604968916376,0.5357599999999999,5,83636600.0,23.746318817138672,4.7453532218933105
20713,0.0,0.0003177612311798387,0.5357399999999999,5,2824150.0,23.686429977416992,13.591712951660156
20714,0.0,0.00032729406811523383,0.53572,5,909377.25,23.749149322509766,9.434045791625977
20715,0.0,0.0003240211274340815,0.5356999999999998,2,5334539.0,23.90347671508789,4.684614658355713
20716,0.0,0.00034994281762880803,0.5356799999999999,6,2126691.5,24.170042037963867,4.82105016708374
20717,0.0,0.0003534422458050961,0.5356599999999999,4,23758660.0,24.36102294921875,3.883265733718872
20718,0.0,0.00038171762546950383,0.5356399999999999,6,5500489.0,24.63805389404297,4.570326328277588
20719,0.0,0.0004122550355070642,0.53562,6,19958622.0,24.861614227294922,6.706320285797119
20720,0.0,0.00041637758586213485,0.5355999999999999,4,350627712.0,24.909990310668945,14.394031524658203
20721,0.0,0.0004122138100035135,0.53558,2,2868787.5,24.871952056884766,10.007710456848145
20722,0.0,0.00040809167190347835,0.5355599999999999,2,8964467.0,24.78347396850586,3.6326770782470703
20723,0.0,0.0004040107551844436,0.5355399999999999,2,3101653.75,24.585628509521484,12.590075492858887
20724,0.0,0.00040805086273628803,0.53552,4,6937681.0,24.40346908569336,1.028768539428711
20725,0.0,0.00040805086273628803,0.5354999999999999,3,16370547.0,24.182647705078125,9.82298755645752
20726,0.0,0.00040397035410892515,0.53548,2,7120918.5,24.10118865966797,5.008640766143799
20727,0.0,0.0004362879824376392,0.5354599999999999,6,12073798.0,23.922605514526367,11.631265640258789
20728,0.0,0.0004406508622620156,0.5354399999999999,4,4052633.75,23.74452781677246,7.030704498291016
20729,0.0,0.00040539879328105435,0.5354199999999999,0,63666020.0,23.817049026489258,2.271754026412964
20730,0.0,0.0004094527812138649,0.5353999999999999,4,5626881.0,23.953655242919922,3.1668055057525635
20731,0.0,0.00039716919777744894,0.53538,1,135235120.0,24.094741821289062,4.636288642883301
20732,0.0,0.0004011408897552234,0.53536,4,11461421.0,24.273784637451172,7.8300957679748535
20733,0.0,0.0004332321609356413,0.5353399999999999,6,18058290.0,24.41809844970703,4.940322399139404
20734,0.0,0.0004375644825449977,0.5353199999999999,4,12851390.0,24.515979766845703,4.650913715362549
20735,0.0,0.00042443754806864776,0.5352999999999999,1,188807088.0,24.667510986328125,8.123549461364746
20736,0.0,0.00042443754806864776,0.53528,3,5000675.0,24.55850601196289,6.4857330322265625
20737,0.0,0.0004286819235493342,0.5352599999999998,4,187532560.0,24.231037139892578,5.11479377746582
20738,0.0,0.00042439510431384087,0.5352399999999999,2,611455168.0,23.874494552612305,4.273965835571289
20739,0.0,0.00042015115327070245,0.5352199999999999,2,5631042.5,23.598188400268555,3.934469223022461
20740,0.0,0.0004075466186725814,0.5351999999999999,1,362799.625,23.23358726501465,7.853702068328857
20741,0.0,0.0004075466186725814,0.53518,3,64493528.0,22.93785858154297,1.939246654510498
20742,4734248.11,0.00059368819645326,0.5351599999999999,6,76152024.0,22.584510803222656,4.30654239654541
20743,3288228.8999999966,0.0006411832521695209,0.53514,6,6655228.0,19.2989444732666,6.69309139251709
20744,1965261.4999999972,0.0006924779123430825,0.5351199999999999,6,21791106.0,19.297264099121094,6.775825500488281
20745,1281143.4099999983,0.0006855531332196517,0.5350999999999999,2,899365.9375,19.294879913330078,8.6368989944458
20746,0.0,0.000664986539223062,0.53508,1,52946768.0,19.2944393157959,9.36080551147461
20747,0.0,0.0006583366738308314,0.5350599999999999,2,5527639.0,19.292015075683594,9.773726463317871
20748,0.0,0.0006583366738308314,0.53504,3,7845686.5,23.201932907104492,5.87021541595459
20749,0.0,0.0006056697399243649,0.5350199999999999,0,32308962.0,24.054399490356445,11.88125991821289
20750,0.0,0.000587499647726634,0.5349999999999999,1,335798.21875,22.602447509765625,14.604413986206055
20751,0.0,0.000605124637158433,0.5349799999999999,5,18912482.0,23.770458221435547,5.929716110229492
20752,0.0,0.0006111758835300173,0.5349599999999999,4,10734516.0,23.75528335571289,6.915347576141357
20753,0.0,0.0006295111600359178,0.53494,5,89280.5078125,23.961149215698242,2.50407338142395
20754,0.0,0.0006483964948369954,0.5349199999999998,5,1233516.0,24.06245231628418,4.469099998474121
20755,0.0,0.0006678483896821052,0.5348999999999999,5,2737387.5,24.33988380432129,4.431586742401123
20756,0.0,0.000647812937991642,0.5348799999999999,1,150345216.0,24.60287857055664,6.038827419281006
20757,0.0,0.0006996379730309734,0.5348599999999999,6,6972713.5,25.194347381591797,4.59621524810791
20758,0.0,0.0006786488338400442,0.53484,1,35823572.0,24.893571853637695,5.123927116394043
20759,0.0,0.0006854353221784447,0.5348199999999999,4,22445990.0,25.420055389404297,2.748810052871704
20760,0.0,0.0006922896754002291,0.5347999999999999,4,58579788.0,25.03024673461914,12.067658424377441
20761,0.0,0.0006715209851382223,0.5347799999999999,1,24143988.0,24.817258834838867,12.392733573913574
20762,0.0,0.00066480577528684,0.5347599999999999,2,203983440.0,24.792266845703125,8.577162742614746
20763,0.0,0.0006448616020282348,0.53474,1,41347548.0,24.492713928222656,1.7677215337753296
20764,0.0,0.0006964505301904937,0.5347199999999999,6,15652116.0,24.289113998413086,11.917259216308594
20765,0.0,0.0006964505301904937,0.5347,3,33265852.0,23.760892868041992,5.9600510597229
20766,0.0,0.0007521665726057332,0.5346799999999999,6,13561253.0,23.830421447753906,4.858390808105469
20767,0.0,0.0007747315697839052,0.5346599999999999,5,3428694.75,23.67241096496582,6.323252201080322
20768,0.0,0.0007979735168774224,0.53464,5,44462412.0,23.864044189453125,4.792481422424316
20769,0.0,0.0008219127223837451,0.5346199999999999,5,362426144.0,24.0883731842041,6.110133171081543
20770,0.0,0.0008219127223837451,0.5346,3,6608922.0,24.35555648803711,7.1345672607421875
20771,0.0,0.0008219127223837451,0.5345799999999999,3,31132.244140625,24.70040512084961,7.233043670654297
20772,0.0,0.0007972553407122327,0.5345599999999999,1,132895920.0,24.878530502319336,6.644074440002441
20773,0.0,0.000805227894119355,0.5345399999999999,4,4265001.0,25.079191207885742,7.57124137878418
20774,0.0,0.0007408096625898066,0.5345199999999999,0,566028.9375,24.998340606689453,9.212318420410156
20775,0.0,0.0006815448895826222,0.5345,0,870318.5625,25.125003814697266,5.708162307739258
20776,0.0,0.0006815448895826222,0.5344799999999998,3,146710512.0,24.972370147705078,12.07312297821045
20777,0.0,0.000674729440686796,0.5344599999999999,2,633586.125,24.684999465942383,3.56327486038208
20778,0.0,0.0006207510854318524,0.5344399999999999,0,394275.53125,24.620399475097656,2.6488795280456543
20779,0.0,0.0006145435745775338,0.5344199999999999,2,10235597.0,24.583032608032227,5.6096038818359375
20780,0.0,0.0005653800886113311,0.5344,0,226760352.0,24.442598342895508,7.376705169677734
20781,0.0,0.0005710338894974444,0.5343799999999999,4,2418027.25,24.374053955078125,12.501190185546875
20782,0.0,0.0005767442283924189,0.53436,4,148902336.0,24.247705459594727,4.579336166381836
20783,0.0,0.0005306046901210255,0.5343399999999999,0,19902182.0,24.17119598388672,12.486949920654297
20784,0.0,0.0005359107370222358,0.5343199999999999,4,16631296.0,24.16791343688965,10.615888595581055
20785,0.0,0.0005198334149115687,0.5343,1,12903456.0,24.01076889038086,4.981626510620117
20786,0.0,0.0004782467417186432,0.5342799999999999,0,3442991.5,24.059123992919922,9.383305549621582
20787,0.0,0.0004399870023811518,0.53426,0,3990801.5,24.05469512939453,5.943314552307129
20788,0.0,0.00040478804219065966,0.5342399999999999,0,57705540.0,24.12981414794922,3.531200885772705
20789,0.0,0.00041693168345637943,0.5342199999999999,5,34355296.0,24.196434020996094,10.10586166381836
20790,0.0,0.00045028621813288983,0.5341999999999999,6,30842.09375,24.148283004760742,7.79234504699707
20791,0.0,0.0004637948046768765,0.5341799999999999,5,65005032.0,24.111326217651367,11.827475547790527
20792,0.0,0.0004498809605365702,0.53416,1,93935.15625,24.15185546875,7.3631272315979
20793,0.0,0.0004498809605365702,0.53414,3,6357017.0,24.3680477142334,2.0911056995391846
20794,0.0,0.0004633773893526673,0.5341199999999999,5,60488024.0,24.43321990966797,7.579718589782715
20795,0.0,0.0004633773893526673,0.5340999999999999,3,10019323.0,24.34478759765625,15.488154411315918
20796,0.0,0.00046801116324619396,0.5340799999999999,4,55049.9296875,24.32192039489746,11.273101806640625
20797,0.0,0.00046801116324619396,0.53406,3,5890178.5,24.258743286132812,6.594372749328613
20798,0.0,0.0004726912748786559,0.5340399999999998,4,150251.5,24.181764602661133,13.356285095214844
20799,0.0,0.0004585105366322962,0.5340199999999999,1,8451712.0,24.142824172973633,3.1354832649230957
20800,0.0,0.0004447552205333273,0.5339999999999999,1,36793704.0,24.13522720336914,9.177142143249512
20801,0.0,0.0004314125639173275,0.5339799999999999,1,67742.2421875,24.059864044189453,6.149641990661621
20802,0.0,0.00043572668955650076,0.53396,4,852194.5,23.994108200073242,9.895934104919434
20803,0.0,0.0004400839564520658,0.5339399999999999,4,57146176.0,23.87775421142578,9.888216018676758
20804,0.0,0.00043568311688754513,0.53392,2,7591591.0,23.875770568847656,8.18273639678955
20805,0.0,0.00043568311688754513,0.5338999999999999,3,6972694.5,23.96026611328125,7.374641418457031
20806,0.0,0.00042261262338091877,0.5338799999999999,1,13727740.0,23.94998550415039,5.909493923187256
20807,0.0,0.0003888036135104453,0.53386,0,115828.75,24.102008819580078,4.778111457824707
20808,0.0,0.0003576993244296097,0.5338399999999999,0,148534224.0,24.273256301879883,5.822891712188721
20809,0.0,0.0003469683446967214,0.53382,1,56713580.0,24.50493049621582,5.324455261230469
20810,0.0,0.00034349866124975414,0.5337999999999999,2,190486.28125,24.632953643798828,9.2587890625
20811,0.0,0.00031601876834977383,0.5337799999999999,0,13691701.0,24.76181983947754,6.2014994621276855
20812,0.0,0.0003128585806662761,0.5337599999999999,2,2160580.25,24.96668815612793,2.934265613555908
20813,0.0,0.0003378872671195782,0.5337399999999999,6,5808174.5,24.899816513061523,12.234216690063477
20814,0.0,0.00031085628575001196,0.53372,0,11858593.0,24.761526107788086,6.758675575256348
20815,0.0,0.00028598778289001104,0.5336999999999998,0,31203.44140625,24.88690185546875,3.8489339351654053
20816,0.0,0.00029456741637671135,0.5336799999999999,5,1652643.375,24.801774978637695,8.250362396240234
20817,0.0,0.00028573039388541,0.5336599999999999,1,6898043.5,24.54967498779297,6.774665832519531
20818,0.0,0.0002828730899465559,0.5336399999999999,2,12232214.0,24.51932716369629,5.377313137054443
20819,0.0,0.0002828730899465559,0.53362,3,139422256.0,24.446443557739258,4.100031852722168
20820,0.0,0.00027438689724815923,0.5335999999999999,1,23059398.0,24.296939849853516,12.938135147094727
20821,0.0,0.00027438689724815923,0.5335799999999999,3,11253058.0,24.266658782958984,7.932656764984131
20822,0.0,0.00026615529033071446,0.5335599999999999,1,12790855.0,24.16539764404297,7.982852935791016
20823,0.0,0.00026615529033071446,0.5335399999999999,3,16261921.0,24.16749382019043,9.297873497009277
20824,0.0,0.0002741399490406359,0.53352,5,5266791.5,24.21023178100586,3.7407114505767822
20825,0.0,0.0002659157505694168,0.5334999999999999,1,10303881.0,24.31021499633789,4.822022438049316
20826,0.0,0.00027389322308649935,0.53348,5,63705760.0,24.50533103942871,4.3542609214782715
20827,0.0,0.00027663215531736435,0.5334599999999999,4,7299182.5,24.5891056060791,7.697359085083008
20828,0.0,0.000279398476870538,0.5334399999999999,4,8606542.0,24.669023513793945,7.1879801750183105
20829,0.0,0.0002821924616392434,0.5334199999999999,4,6526607.5,24.756834030151367,4.578627109527588
20830,0.0,0.00027937053702285097,0.5333999999999999,2,198635968.0,24.7297306060791,9.77461051940918
20831,0.0,0.00028216424239307946,0.53338,4,28510088.0,24.608173370361328,11.404391288757324
20832,0.0,0.00028498588481701027,0.53336,4,37228628.0,24.25665283203125,8.171724319458008
20833,0.0,0.00028213602596884014,0.5333399999999999,2,2355480.0,23.765804290771484,5.2118659019470215
20834,0.0,0.0002793146657091517,0.5333199999999999,2,16364324.0,23.306913375854492,7.009993553161621
20835,0.0,0.00027093522573787716,0.5332999999999999,1,17210556.0,22.888626098632812,6.189651012420654
20836,0.0,0.0002736445779952559,0.53328,4,11060713.0,22.475574493408203,9.854083061218262
20837,4630614.860000003,0.0006431162812341506,0.5332599999999998,1,60812696.0,22.042619705200195,6.345697402954102
20838,3592702.0600000042,0.0006624097696711751,0.5332399999999999,5,26269920.0,19.34365463256836,7.0777506828308105
20839,3129133.460000004,0.0006557856719744634,0.5332199999999999,2,57371732.0,19.342845916748047,3.8015379905700684
20840,2475759.490000004,0.0007082485257324205,0.5331999999999999,6,223419.03125,19.34337615966797,6.646360397338867
20841,1904377.9900000035,0.0006870010699604478,0.53318,1,16065016.0,19.343650817871094,9.07668685913086
20842,469085.79000000353,0.0006801310592608434,0.5331599999999999,2,9049319.0,19.344255447387695,2.7047767639160156
20843,245872.1600000034,0.0006869323698534518,0.53314,4,200341.25,19.34697151184082,5.096846103668213
20844,0.0,0.0006869323698534518,0.5331199999999999,3,1335269.75,19.350793838500977,7.436432838439941
20845,0.0,0.0007075403409490553,0.5330999999999999,5,229586.5,19.35512924194336,1.6968753337860107
20846,0.0,0.0007287665511775271,0.53308,5,704961.875,25.034212112426758,9.665021896362305
20847,0.0,0.0007870678752717292,0.5330599999999999,6,39490916.0,25.06298828125,1.3926714658737183
20848,0.0,0.0008500333052934676,0.53304,6,182779984.0,24.917469024658203,5.061979293823242
20849,0.0,0.0008500333052934676,0.5330199999999999,3,1029698.75,24.78326416015625,7.220554351806641
20850,0.0,0.0008500333052934676,0.5329999999999999,3,2839445.75,24.921846389770508,7.006494522094727
20851,0.0,0.0008500333052934676,0.5329799999999999,3,37496168.0,24.748458862304688,5.6230549812316895
20852,0.0,0.0008755343044522716,0.5329599999999999,5,578468224.0,24.580734252929688,10.433199882507324
20853,0.0,0.0008755343044522716,0.53294,3,299946.6875,24.278305053710938,8.89444637298584
20854,0.0,0.0008755343044522716,0.5329199999999998,3,1637421.875,24.370779037475586,4.656679630279541
20855,0.0,0.0008492682753187034,0.5328999999999999,1,228519.859375,24.246225357055664,16.46538734436035
20856,0.0,0.0008577609580718904,0.5328799999999999,4,31075678.0,24.34740447998047,4.53236198425293
20857,0.0,0.0008491833484911716,0.5328599999999999,2,34352760.0,24.172161102294922,6.537011623382568
20858,0.0,0.0008746588489459067,0.53284,5,5895602.5,24.35547637939453,4.099365234375
20859,0.0,0.0008746588489459067,0.5328199999999998,3,1984859.875,24.286033630371094,4.279071807861328
20860,0.0,0.0008834054374353658,0.5327999999999999,4,95671944.0,24.476598739624023,9.315437316894531
20861,0.0,0.0009540778724301952,0.5327799999999999,6,23912926.0,24.538225173950195,3.8191096782684326
20862,0.0,0.0009445370937058932,0.5327599999999999,2,14239739.0,24.457782745361328,8.294259071350098
20863,0.0,0.0009350917227688342,0.53274,2,8504366.0,24.670244216918945,5.604602813720703
20864,0.0,0.0009257408055411459,0.5327199999999999,2,1859970.0,24.641191482543945,8.662761688232422
20865,0.0,0.0009349982135965574,0.5327,4,4875222.0,24.588603973388672,9.2443265914917
20866,0.0,0.0009630481600044541,0.5326799999999999,5,28783342.0,24.43907928466797,6.5614848136901855
20867,0.0,0.0009341567152043205,0.5326599999999999,1,189441280.0,24.35061264038086,7.378860950469971
20868,0.0,0.0009621814166604501,0.53264,5,81986.4375,24.49839973449707,6.393263816833496
20869,0.0,0.0009525596024938456,0.5326199999999999,2,41645440.0,24.301441192626953,4.99981689453125
20870,0.0,0.000981136390568661,0.5326,5,25603108.0,24.433561325073242,7.023677825927734
20871,0.0,0.0010105704822857208,0.5325799999999999,5,5745462.5,24.40200424194336,4.077533721923828
20872,0.0,0.0010408875967542926,0.5325599999999999,5,2230581.0,24.459758758544922,5.790762424468994
20873,0.0,0.0010721142246569214,0.5325399999999999,5,64780028.0,24.5218448638916,2.7703168392181396
20874,0.0,0.0010613930824103523,0.5325199999999999,2,394805.65625,24.522981643676758,8.68413257598877
20875,0.0,0.0010613930824103523,0.5325,3,372653376.0,24.604631423950195,4.331542015075684
20876,0.0,0.0010613930824103523,0.5324799999999998,3,198887024.0,24.659685134887695,2.256930351257324
20877,0.0,0.0010720070132344559,0.5324599999999999,4,561899.0,24.777868270874023,3.218714714050293
20878,0.0,0.0010398468028374223,0.5324399999999999,1,156269696.0,24.84578514099121,6.017977237701416
20879,0.0,0.001123034547064416,0.5324199999999999,6,5223043.0,24.93280601501465,6.616828918457031
20880,0.0,0.001123034547064416,0.5324,3,2702709.5,24.87262535095215,7.616822242736816
20881,0.0,0.001111804201593772,0.5323799999999999,2,36501736.0,24.84954833984375,9.76523208618164
20882,0.0,0.0010784500755459587,0.5323599999999999,1,6065640.0,24.711753845214844,14.8827486038208
20883,0.0,0.0010784500755459587,0.5323399999999999,3,3491682.25,24.580703735351562,6.300078868865967
20884,0.0,0.0011108035778123375,0.5323199999999999,5,526295.0625,24.387311935424805,9.160185813903809
20885,0.0,0.0011996678640373245,0.5323,6,20649530.0,24.28685760498047,4.933591365814209
20886,0.0,0.0011876711853969512,0.5322799999999999,2,41118804.0,24.275135040283203,6.8001909255981445
20887,0.0,0.0011757944735429817,0.53226,2,22069566.0,24.420560836791992,3.427751064300537
20888,0.0,0.0011640365288075518,0.5322399999999999,2,10553242.0,24.466434478759766,6.57863187789917
20889,0.0,0.0011756768940956272,0.5322199999999999,4,12714169.0,24.499845504760742,6.609581470489502
20890,0.0,0.0011756768940956272,0.5321999999999999,3,357010080.0,24.47992515563965,7.670190334320068
20891,0.0,0.0011404065872727585,0.5321799999999999,1,352851104.0,24.566617965698242,2.6992363929748535
20892,0.0,0.0011518106531454861,0.53216,4,70309408.0,24.56000518798828,9.102100372314453
20893,0.0,0.0011518106531454861,0.53214,3,7189312.0,24.435514450073242,6.071760177612305
20894,0.0,0.0011518106531454861,0.5321199999999999,3,13987034.0,24.370996475219727,8.242486000061035
20895,0.0,0.0011402925466140312,0.5320999999999999,2,21379530.0,24.316566467285156,8.89934253692627
20896,0.0,0.0010490691428849087,0.5320799999999999,0,28087808.0,24.299816131591797,7.034191608428955
20897,0.0,0.0010385784514560597,0.53206,2,5050467.0,24.380271911621094,2.984938144683838
20898,0.0,0.001028192666941499,0.5320399999999998,2,5003082.5,24.467002868652344,2.46522855758667
20899,0.0,0.001017910740272084,0.5320199999999999,2,353274016.0,24.509431838989258,10.16647720336914
20900,0.0,0.0010484480624802465,0.5319999999999999,5,1667042.0,24.589113235473633,1.767424464225769
20901,0.0,0.0009645722174818267,0.5319799999999999,0,646020.125,24.621183395385742,3.3875224590301514
20902,0.0,0.0009645722174818267,0.53196,3,12638045.0,24.712949752807617,11.97034740447998
20903,0.0,0.0008874064400832807,0.5319399999999999,0,79014.8046875,24.59738540649414,3.8504068851470947
20904,0.0,0.0009140286332857791,0.53192,5,191537712.0,24.563932418823242,9.22524356842041
20905,0.0,0.0009414494922843525,0.5318999999999999,5,1831640.0,24.327241897583008,10.522431373596191
20906,0.0,0.0009132060075158219,0.5318799999999999,1,15954422.0,24.214332580566406,7.989809036254883
20907,0.0,0.0009132060075158219,0.53186,3,82839152.0,24.234088897705078,3.8870835304260254
20908,0.0,0.0009132060075158219,0.5318399999999999,3,21142846.0,24.175870895385742,5.058712482452393
20909,0.0,0.0009223380675909801,0.53182,4,142837584.0,24.219955444335938,9.294756889343262
20910,0.0,0.0009500082096187096,0.5317999999999999,5,78640024.0,24.19763946533203,11.269598960876465
20911,0.0,0.0009215079633301482,0.5317799999999999,1,10145684.0,24.21182632446289,6.4161224365234375
20912,0.0,0.0008477873262637364,0.5317599999999999,0,147125584.0,24.445470809936523,3.421032667160034
20913,0.0,0.0008477873262637364,0.5317399999999999,3,3993207.5,24.658151626586914,1.5205998420715332
20914,0.0,0.0007799643401626375,0.53172,0,137559568.0,24.756874084472656,4.348304271697998
20915,0.0,0.0007175671929496266,0.5316999999999998,0,311118.0625,24.973621368408203,4.835029125213623
20916,0.0,0.0007749725683855967,0.5316799999999999,6,31647524.0,25.042802810668945,8.455290794372559
20917,0.0,0.0007827222940694526,0.5316599999999999,4,4556586.0,24.901622772216797,10.112838745117188
20918,0.0,0.0007201045105438964,0.5316399999999999,0,3380973.0,24.904111862182617,5.793429851531982
20919,0.0,0.0006985013752275795,0.53162,1,27900262.0,24.945411682128906,4.782262802124023
20920,0.0,0.0006985013752275795,0.5315999999999999,3,61062976.0,24.92352867126465,5.220418930053711
20921,0.0,0.0007054863889798553,0.5315799999999999,4,216203312.0,24.72960662841797,14.140979766845703
20922,0.0,0.000712541252869654,0.5315599999999999,4,4775522.5,24.50933074951172,8.314924240112305
20923,0.0,0.0007196666653983505,0.5315399999999999,4,18542382.0,24.310834884643555,7.265040397644043
20924,0.0,0.0007124699987443669,0.53152,2,1559903.375,24.200820922851562,5.405643939971924
20925,0.0,0.0007053452987569232,0.5314999999999999,2,6382871.0,24.19333267211914,6.465272903442383
20926,0.0,0.0007123987517444924,0.53148,4,1229481.375,24.156787872314453,8.286158561706543
20927,0.0,0.0007123987517444924,0.5314599999999999,3,296717.375,23.76528549194336,9.076087951660156
20928,0.0,0.0007052747642270475,0.5314399999999999,2,67431072.0,23.4626407623291,4.243216514587402
20929,4168410.439999993,0.0005070879802828654,0.53142,6,17946904.0,19.197444915771484,9.096809387207031
20930,2417393.689999992,0.0005476550187054947,0.5313999999999999,6,19087700.0,19.19538116455078,11.120871543884277
20931,1323419.8699999917,0.0005038426172090551,0.53138,0,1590084.375,19.19247055053711,5.387851715087891
20932,291123.77999999246,0.0005441500265857796,0.5313599999999999,6,408363072.0,19.190317153930664,4.568202018737793
20933,0.0,0.000560474527383353,0.5313399999999999,5,312731.46875,19.189973831176758,4.659029483795166
20934,0.0,0.000560474527383353,0.5313199999999999,3,3661752.0,19.189884185791016,5.473060131072998
20935,0.0,0.000560474527383353,0.5312999999999999,3,5711708.0,24.257568359375,4.456169605255127
20936,0.0,0.000560474527383353,0.53128,3,37395488.0,24.558483123779297,7.247832298278809
20937,0.0,0.0005548697821095194,0.5312599999999998,2,11439236.0,24.78070640563965,8.67358112335205
20938,0.0,0.0005493210842884243,0.5312399999999999,2,35447200.0,24.876708984375,4.828086853027344
20939,0.0,0.0005053753975453503,0.5312199999999999,0,6162362.5,24.824413299560547,5.995979309082031
20940,0.0,0.0005003216435698968,0.5311999999999999,2,41465948.0,24.662250518798828,12.983659744262695
20941,0.0,0.0004953184271341978,0.53118,2,5136969.0,24.436431884765625,6.943309783935547
20942,0.0,0.000455692952963462,0.5311599999999999,0,42919404.0,24.30116081237793,2.7830257415771484
20943,0.0,0.0004420221643745581,0.53114,1,49013468.0,24.36298942565918,7.429009914398193
20944,0.0,0.00042876149944332133,0.5311199999999999,1,5752745.5,24.15289306640625,6.976251602172852
20945,0.0,0.00044162434442662096,0.5310999999999999,5,37562480.0,24.103639602661133,5.660538196563721
20946,0.0,0.0004062943968724913,0.53108,0,7186306.0,23.779726028442383,3.6235415935516357
20947,0.0,0.000418483228778666,0.5310599999999999,5,103392680.0,24.3028507232666,6.936474800109863
20948,0.0,0.000431037725642026,0.53104,5,152987.984375,23.94996452331543,8.639988899230957
20949,0.0,0.0004439688574112868,0.5310199999999999,5,1551075.375,24.023662567138672,9.715514183044434
20950,0.0,0.0004484085459853997,0.5309999999999999,4,20022640.0,24.044841766357422,12.222272872924805
20951,0.0,0.0004349562896058377,0.5309799999999999,1,7139226.0,24.096677780151367,10.430676460266113
20952,0.0,0.00044800497829401286,0.5309599999999999,5,138955120.0,24.337631225585938,2.000253200531006
20953,0.0,0.000452485028076953,0.53094,4,8226135.0,24.168420791625977,8.970295906066895
20954,0.0,0.0004886838303231093,0.53092,6,373857216.0,24.277477264404297,5.88300895690918
20955,0.0,0.0005033443452328026,0.5308999999999999,5,2255572.75,24.190065383911133,7.016298770904541
20956,0.0,0.0005184446755897867,0.5308799999999999,5,12243570.0,24.277240753173828,7.581923007965088
20957,0.0,0.0005236291223456845,0.5308599999999999,4,7826512.0,24.336917877197266,10.129350662231445
20958,0.0,0.0005655194521333393,0.53084,6,382825280.0,24.588088989257812,1.9763069152832031
20959,0.0,0.0005824850356973395,0.5308199999999998,5,45368524.0,24.652690887451172,6.024550437927246
20960,0.0,0.0005999595867682597,0.5307999999999999,5,22517916.0,24.862022399902344,5.4504499435424805
20961,0.0,0.0006179583743713075,0.5307799999999999,5,4200560.0,24.889928817749023,9.851546287536621
20962,0.0,0.0006364971256024468,0.5307599999999999,5,4348503.0,24.9339542388916,1.449757695198059
20963,0.0,0.0006555920393705203,0.53074,5,257837.3125,24.91263198852539,9.188678741455078
20964,0.0,0.000649036118976815,0.5307199999999999,2,9316170.0,24.76013946533203,10.771347999572754
20965,0.0,0.0006425457577870469,0.5307,2,10545335.0,24.558305740356445,8.436189651489258
20966,0.0,0.0006939494184100107,0.5306799999999999,6,55132344.0,24.30341339111328,9.338180541992188
20967,0.0,0.0006870099242259106,0.5306599999999999,2,226106128.0,24.019088745117188,10.280782699584961
20968,0.0,0.0006801398249836514,0.53064,2,28610652.0,23.988492965698242,4.277443885803223
20969,0.0,0.000673338426733815,0.5306199999999999,2,5515866.0,24.00194549560547,7.940520763397217
20970,0.0,0.0006666050424664768,0.5306,2,998033.3125,24.144657135009766,7.199409008026123
20971,0.0,0.000719933445863795,0.5305799999999999,6,23252626.0,24.23165512084961,9.441822052001953
20972,0.0,0.0007271327803224329,0.5305599999999999,4,2625492.5,24.285940170288086,5.97596549987793
20973,0.0,0.0006689621578966383,0.5305399999999999,0,19731718.0,24.449787139892578,8.964592933654785
20974,0.0,0.0007224791305283694,0.5305199999999999,6,252337.09375,24.6041259765625,5.472228050231934
20975,0.0,0.0007224791305283694,0.5305,3,123747672.0,24.498973846435547,10.491655349731445
20976,0.0,0.0007802774609706391,0.5304799999999998,6,187946912.0,24.479385375976562,8.285930633544922
20977,0.0,0.0007880802355803454,0.5304599999999999,4,13360839.0,24.3174991607666,5.137602806091309
20978,0.0,0.0007250338167339178,0.5304399999999999,0,181260640.0,24.269437789916992,11.810627937316895
20979,0.0,0.0006670311113952045,0.5304199999999999,0,2468931.75,24.304157257080078,6.533106327056885
20980,0.0,0.0006470201780533483,0.5304,1,6078485.0,24.336265563964844,3.9660143852233887
20981,0.0,0.0006405499762728148,0.5303799999999999,2,85759016.0,24.378528594970703,7.523951530456543
20982,0.0,0.0005893059781709897,0.5303599999999999,0,184895.828125,24.419750213623047,6.244871139526367
20983,0.0,0.0006069851575161194,0.5303399999999999,5,2547525.5,24.471914291381836,10.243669509887695
20984,0.0,0.0006130550090912806,0.5303199999999999,4,327956.96875,24.434518814086914,5.0345001220703125
20985,0.0,0.0005640106083639782,0.5303,0,1372922.25,24.409626007080078,12.89661693572998
20986,0.0,0.0005640106083639782,0.5302799999999999,3,183502960.0,24.443256378173828,8.01954460144043
20987,0.0,0.0005583705022803384,0.53026,2,12505436.0,24.347244262695312,8.040487289428711
20988,0.0,0.000552786797257535,0.5302399999999999,2,23635180.0,24.405780792236328,1.6286565065383911
20989,0.0,0.0005472589292849596,0.5302199999999999,2,898988.5,24.52429962158203,2.8345398902893066
20990,0.0,0.0005910396436277565,0.5301999999999999,6,15961160.0,24.624330520629883,7.477206230163574
20991,0.0,0.0005851292471914789,0.5301799999999999,2,21182082.0,24.64956283569336,7.17954158782959
20992,0.0,0.000579277954719564,0.53016,2,1900943.5,24.753658294677734,12.126348495483398
20993,0.0,0.0005734851751723684,0.53014,2,3646208.5,24.719810485839844,7.67051362991333
20994,0.0,0.0005677503234206447,0.5301199999999999,2,24018914.0,24.65803337097168,7.26476526260376
20995,0.0,0.0005223302975469931,0.5300999999999999,0,20371610.0,24.578702926635742,5.946624755859375
20996,0.0,0.0005066603886205833,0.5300799999999999,1,35560168.0,24.615558624267578,1.605724573135376
20997,0.0,0.0005015937847343775,0.53006,2,7019003.0,24.59641456604004,8.047017097473145
20998,0.0,0.0004614662819556273,0.5300399999999998,0,351359360.0,24.559001922607422,7.394258499145508
20999,0.0,0.0004660809447751836,0.5300199999999999,4,496144128.0,24.609724044799805,5.522944450378418
21000,0.0,0.0004800633731184391,0.5299999999999999,5,192302672.0,24.63829803466797,3.3608810901641846
21001,0.0,0.0004944652743119923,0.5299799999999999,5,23707200.0,24.759157180786133,3.41975474357605
21002,0.0,0.0005092992325413521,0.52996,5,995832.0,24.7694149017334,10.205388069152832
21003,0.0,0.0005143922248667656,0.5299399999999999,4,6575044.5,24.670324325561523,9.081626892089844
21004,0.0,0.0005195361471154332,0.52992,4,443813.5625,24.609920501708984,3.0261270999908447
21005,0.0,0.0005247315085865876,0.5298999999999999,4,65473280.0,24.553844451904297,6.637831687927246
21006,0.0,0.0005194841935007217,0.5298799999999999,2,170965584.0,24.51038932800293,6.632612228393555
21007,0.0,0.00047792545802066396,0.52986,0,2532964.0,24.438364028930664,12.798898696899414
21008,0.0,0.0004827047126008706,0.5298399999999999,4,22226242.0,24.385820388793945,8.825804710388184
21009,0.0,0.00046822357122284445,0.52982,1,63904236.0,24.357473373413086,7.584289073944092
21010,0.0,0.0004822702783595298,0.5297999999999999,5,23146524.0,24.334463119506836,7.724852561950684
21011,0.0,0.0005208519006282922,0.5297799999999999,6,394635264.0,24.33139419555664,6.826152324676514
21012,0.0,0.0005260604196345752,0.5297599999999999,4,25147124.0,24.39717674255371,4.265562057495117
21013,0.0,0.0005418422322236125,0.5297399999999999,5,10634822.0,24.572956085205078,2.7726995944976807
21014,0.0,0.0005472606545458486,0.52972,4,12292985.0,24.72095489501953,3.1814451217651367
21015,0.0,0.0005308428349094731,0.5297,1,10340901.0,24.87801742553711,6.251333236694336
21016,0.0,0.0005361512632585678,0.5296799999999999,4,402387648.0,25.007678985595703,2.328774929046631
21017,0.0,0.0005307897506259822,0.5296599999999999,2,7785640.5,25.061737060546875,11.771265983581543
21018,0.0,0.000536097648132242,0.5296399999999999,4,48633580.0,25.055023193359375,1.4494634866714478
21019,0.0,0.0005414586246135644,0.52962,4,91431464.0,24.69231414794922,3.771358013153076
21020,0.0,0.0005414586246135644,0.5295999999999998,3,1238899.75,24.305648803710938,1.8247312307357788
21021,0.0,0.0005360440383674288,0.5295799999999999,2,9050160.0,23.926624298095703,3.6006674766540527
21022,0.0,0.0005360440383674288,0.5295599999999999,3,183681728.0,23.455379486083984,7.1516242027282715
21023,0.0,0.0005360440383674288,0.5295399999999999,3,344331.0625,22.945621490478516,7.88592004776001
21024,2928391.669999987,0.0005215056567578107,0.52952,5,190002640.0,22.41938591003418,5.262804985046387
21025,2292264.8999999873,0.000537150826460545,0.5294999999999999,5,2734814.25,19.534317016601562,9.631221771240234
21026,709757.0199999884,0.0005317793181959396,0.52948,2,11832576.0,19.53734588623047,3.4394350051879883
21027,417813.4299999884,0.0005264615250139802,0.5294599999999999,2,41813580.0,19.539325714111328,7.011893272399902
21028,0.0,0.0005264615250139802,0.5294399999999999,3,28661752.0,19.541301727294922,3.155409097671509
21029,0.0,0.0004843446030128618,0.52942,0,26803986.0,19.54194450378418,3.6323976516723633
21030,0.0,0.0004843446030128618,0.5293999999999999,3,149243040.0,21.771480560302734,4.934842109680176
21031,0.0,0.00044559703477183287,0.52938,0,143223872.0,24.306346893310547,12.705986022949219
21032,0.0,0.00040994927199008627,0.5293599999999999,0,5818204.0,23.270532608032227,6.96854829788208
21033,0.0,0.0004427452137492932,0.5293399999999999,6,231219664.0,23.771095275878906,5.254661560058594
21034,0.0,0.00043831776161180024,0.5293199999999999,2,488874272.0,24.54151153564453,1.225542664527893
21035,0.0,0.00044270093922791823,0.5292999999999999,4,301896960.0,25.038414001464844,6.40086555480957
21036,0.0,0.00042941991105108066,0.52928,1,51729520.0,24.733217239379883,12.61427116394043
21037,0.0,0.00041653731371954825,0.5292599999999998,1,935287.0625,24.975793838500977,2.546642780303955
21038,0.0,0.0004498602988171121,0.5292399999999999,6,566459.5,24.86641502380371,5.322854042053223
21039,0.0,0.00043636448985259876,0.5292199999999999,1,12302478.0,24.320415496826172,3.5720021724700928
21040,0.0,0.0004320008449540728,0.5291999999999999,2,28323678.0,24.715402603149414,2.8290467262268066
21041,0.0,0.0004190408196054506,0.52918,1,248616.640625,24.515722274780273,7.9435625076293945
21042,0.0,0.0004064695950172871,0.5291599999999999,1,70647744.0,24.50180435180664,6.7732086181640625
21043,0.0,0.00039427550716676846,0.5291399999999999,1,181001856.0,24.321247100830078,15.073297500610352
21044,0.0,0.0003903327520951008,0.5291199999999999,2,27035006.0,24.287261962890625,2.6519720554351807
21045,0.0,0.00039423607961605177,0.5290999999999999,4,57283064.0,24.269031524658203,4.1146674156188965
21046,0.0,0.00039423607961605177,0.52908,3,391056704.0,24.23012351989746,6.190804958343506
21047,0.0,0.00042577496598533596,0.5290599999999999,6,52863232.0,24.292903900146484,10.43196964263916
21048,0.0,0.00045983696326416286,0.52904,6,793047.1875,24.26255989074707,2.43335223197937
21049,0.0,0.0004644353328968045,0.5290199999999999,4,9965938.0,24.387428283691406,5.946298122406006
21050,0.0,0.00042728050626506014,0.5289999999999999,0,25977708.0,24.560733795166016,7.9298176765441895
21051,0.0,0.00044009892145301197,0.5289799999999999,5,47586892.0,24.84288787841797,4.732691764831543
21052,0.0,0.00044009892145301197,0.5289599999999999,3,707449.1875,24.739517211914062,5.430744171142578
21053,0.0,0.00045330188909660236,0.52894,5,328543328.0,24.955657958984375,5.81036376953125
21054,0.0,0.0004170377379688742,0.52892,0,9282285.0,24.889041900634766,8.290462493896484
21055,0.0,0.0004295488701079404,0.5288999999999999,5,5183114.0,25.002151489257812,9.047541618347168
21056,0.0,0.00044243533621117866,0.5288799999999999,5,4054257.5,24.70587158203125,8.267464637756348
21057,0.0,0.00043801098284906685,0.5288599999999999,2,6098338.0,24.610702514648438,2.6333022117614746
21058,0.0,0.0004423910926775575,0.52884,4,47099792.0,24.552837371826172,6.034430027008057
21059,0.0,0.00044681500360433307,0.5288199999999998,4,120322680.0,24.366403579711914,9.151408195495605
21060,0.0,0.00045128315364037643,0.5287999999999999,4,73479824.0,24.311809539794922,3.3474807739257812
21061,0.0,0.00043774465903116515,0.5287799999999999,1,3700885.0,24.31691551208496,4.3544392585754395
21062,0.0,0.0004421221056214768,0.5287599999999999,4,191777872.0,24.407642364501953,5.899242877960205
21063,0.0,0.0004465433266776916,0.52874,4,9576908.0,24.473081588745117,6.623354911804199
21064,0.0,0.00043314702687736084,0.5287199999999999,1,83766280.0,24.528974533081055,11.257113456726074
21065,0.0,0.00042015261607104,0.5287,1,9490082.0,24.626819610595703,6.735015869140625
21066,0.0,0.0004075480375889088,0.5286799999999999,1,38413880.0,24.717899322509766,4.125216484069824
21067,0.0,0.00039532159646124153,0.5286599999999999,1,44244336.0,24.803234100341797,6.119543552398682
21068,0.0,0.0004269473241781409,0.52864,6,4944438.0,24.861318588256836,4.841359615325928
21069,0.0,0.00041413890445279666,0.5286199999999999,1,1130910.75,24.778690338134766,6.89709997177124
21070,0.0,0.00042656307158638057,0.5286,5,117940904.0,24.767574310302734,5.3024210929870605
21071,0.0,0.00042229744087051677,0.5285799999999999,2,2835547.75,24.68923568725586,4.426916122436523
21072,0.0,0.00045608123614015815,0.5285599999999999,6,11652857.0,24.64643669128418,7.718192100524902
21073,0.0,0.00045152042377875657,0.5285399999999999,2,12733170.0,24.481653213500977,6.975033760070801
21074,0.0,0.0004379748110653939,0.5285199999999999,1,40022800.0,24.31793212890625,9.303018569946289
21075,0.0,0.00042483556673343203,0.5285,1,12090055.0,24.072542190551758,10.269501686096191
21076,0.0,0.00042908392240076636,0.5284799999999998,4,21080016.0,23.976106643676758,3.6924033164978027
21077,0.0,0.0004247930831767587,0.5284599999999999,2,3011749.5,24.023496627807617,3.0080201625823975
21078,0.0,0.000390809636522618,0.5284399999999999,0,29609268.0,24.22796058654785,3.7957167625427246
21079,0.0,0.000390809636522618,0.5284199999999999,3,4799249.5,24.413827896118164,7.237137317657471
21080,0.0,0.000390809636522618,0.5284,3,138141008.0,24.55897331237793,9.58214282989502
21081,0.0,0.0003595448656008086,0.5283799999999998,0,37253480.0,24.685691833496094,7.627367973327637
21082,0.0,0.0003487585196327843,0.5283599999999999,1,11562637.0,24.69654655456543,12.952531814575195
21083,0.0,0.00033829576404380073,0.5283399999999999,1,42797088.0,24.62885284423828,7.534281253814697
21084,0.0,0.00034844463696511477,0.5283199999999999,5,5498297.0,24.559181213378906,7.399078369140625
21085,0.0,0.0003205690660079056,0.5283,0,323439136.0,24.392391204833984,9.144618034362793
21086,0.0,0.0003173633753478266,0.5282799999999999,2,11319882.0,24.349117279052734,8.292452812194824
21087,0.0,0.00032053700910130486,0.52826,4,14837108.0,24.252540588378906,5.892453670501709
21088,0.0,0.00032053700910130486,0.5282399999999999,3,28508984.0,24.193941116333008,6.384064674377441
21089,0.0,0.0003461799698294093,0.5282199999999999,6,209276448.0,24.252601623535156,3.010129451751709
21090,0.0,0.0003461799698294093,0.5282,3,9459217.0,24.276412963867188,6.062905311584473
21091,0.0,0.0003427181701311152,0.5281799999999999,2,10770354.0,24.36602020263672,9.050938606262207
21092,0.0,0.0003461453518324263,0.52816,4,24466310.0,24.48345947265625,4.29876184463501
21093,0.0,0.0003496068053507506,0.5281399999999999,4,18620640.0,24.640958786010742,3.3929524421691895
21094,0.0,0.0003600950095112731,0.5281199999999999,5,5089278.5,24.873825073242188,3.8165221214294434
21095,0.0,0.00036369595960638587,0.5280999999999999,4,301819.25,25.07381248474121,3.4602832794189453
21096,0.0,0.0003673329192024497,0.5280799999999999,4,3571644.5,25.23369026184082,2.9582064151763916
21097,0.0,0.0003379462856662538,0.52806,0,25957952.0,25.352209091186523,2.264145612716675
21098,0.0,0.0003649819885195541,0.5280399999999998,6,3160924.0,25.428085327148438,2.429251194000244
21099,0.0,0.00035403252886396743,0.5280199999999999,1,2491515.25,25.385452270507812,2.5088846683502197
21100,0.0,0.00038235513117308484,0.5279999999999999,6,380517760.0,25.375600814819336,5.777386665344238
21101,0.0,0.00039382578510827737,0.5279799999999999,5,83924.6875,25.096847534179688,12.027962684631348
21102,0.0,0.0004056405586615257,0.52796,5,148271392.0,24.817792892456055,7.059388637542725
21103,0.0,0.0004178097754213715,0.5279399999999999,5,10408956.0,24.477813720703125,9.906224250793457
21104,0.0,0.0004178097754213715,0.52792,3,6550955.0,24.212968826293945,3.302309274673462
21105,0.0,0.0004303440686840126,0.5278999999999999,5,40374948.0,24.050474166870117,5.055446624755859
21106,0.0,0.000443254390744533,0.5278799999999999,5,194112352.0,23.975303649902344,6.048568248748779
21107,0.0,0.000456552022466869,0.52786,5,8199497.5,24.044605255126953,2.6276214122772217
21108,0.0,0.000456552022466869,0.5278399999999999,3,226165488.0,24.19519805908203,5.210392951965332
21109,0.0,0.0004200278606695195,0.52782,0,16990974.0,24.392911911010742,4.502506732940674
21110,0.0,0.0004158275820628243,0.5277999999999999,2,806127.75,24.565778732299805,4.881874084472656
21111,0.0,0.000428302409524709,0.5277799999999999,5,18699600.0,24.721027374267578,8.267364501953125
21112,0.0,0.0004154533372389677,0.5277599999999999,1,458929.59375,24.900720596313477,3.6808366775512695
21113,0.0,0.0004196078706113574,0.5277399999999999,4,388589.0625,24.746662139892578,9.79634952545166
21114,0.0,0.00040701963449301667,0.52772,1,403817120.0,24.217453002929688,13.738348007202148
21115,0.0,0.00040701963449301667,0.5277,3,55581776.0,23.618606567382812,10.796467781066895
21116,0.0,0.0004192302235278072,0.5276799999999999,5,3697008.5,23.014869689941406,5.8926496505737305
21117,0.0,0.0004192302235278072,0.5276599999999999,3,31537312.0,22.378286361694336,13.403104782104492
21118,4961987.440000007,0.0006155776196224946,0.5276399999999999,6,29878268.0,21.809734344482422,5.8108367919921875
21119,3627741.1300000073,0.0005971102910338197,0.52762,1,4095197.75,19.543840408325195,3.2580840587615967
21120,2509845.5700000064,0.000603081393944158,0.5275999999999998,4,5513523.0,19.551286697387695,3.4247608184814453
21121,324115.9300000048,0.0006091122078835996,0.5275799999999999,4,3890164.25,19.55615997314453,7.015375137329102
21122,43506.970000004745,0.0006578411845142877,0.5275599999999999,6,12941466.0,19.560548782348633,9.551876068115234
21123,3.9900000047200592,0.0006775764200497163,0.5275399999999999,5,84277816.0,12.505834579467773,8.327644348144531
21124,3.9900000047200592,0.000623370306445739,0.52752,0,33277124.0,19.563247680664062,7.927791118621826
21125,0.0,0.0006046691972523668,0.5274999999999999,1,121532632.0,19.953834533691406,7.97774600982666
21126,0.0,0.0005986225052798432,0.52748,2,281197.21875,19.563352584838867,2.0105748176574707
21127,0.0,0.0006046087303326417,0.5274599999999999,4,14330683.0,24.766298294067383,4.048429012298584
21128,0.0,0.0006046087303326417,0.5274399999999999,3,2681815.0,24.682069778442383,4.490488052368164
21129,0.0,0.0006106548176359681,0.52742,4,129313592.0,24.989391326904297,2.332374095916748
21130,0.0,0.0006289744621650471,0.5273999999999999,5,89321944.0,25.044267654418945,4.834233283996582
21131,0.0,0.0006478436960299986,0.52738,5,6771726.0,24.950469970703125,9.163152694702148
21132,0.0,0.0006672790069108985,0.5273599999999999,5,1060665.875,24.90990447998047,8.341270446777344
21133,0.0,0.0006872973771182254,0.5273399999999999,5,55385020.0,24.88150405883789,3.712885856628418
21134,0.0,0.0006323135869487674,0.5273199999999999,0,5567755.5,24.6912841796875,14.325422286987305
21135,0.0,0.000581728499992866,0.5272999999999999,0,35798228.0,24.84542465209961,15.778787612915039
21136,0.0,0.0005759112149929373,0.52728,2,3250112.5,24.42534065246582,11.231186866760254
21137,0.0,0.0006219841121923724,0.5272599999999998,6,11074429.0,23.759803771972656,10.373452186584473
21138,0.0,0.0006406436355581435,0.5272399999999999,5,4689657.0,23.22282600402832,8.206664085388184
21139,0.0,0.0005893921447134921,0.5272199999999999,0,19182420.0,23.15380096435547,6.444971084594727
21140,0.0,0.000595286066160627,0.5271999999999999,4,938300.875,23.425779342651367,10.95134162902832
21141,0.0,0.0005774274841758082,0.52718,1,396270496.0,23.268178939819336,6.157599925994873
21142,0.0,0.0005832017590175663,0.5271599999999999,4,8866125.0,23.643383026123047,4.135574817657471
21143,0.0,0.0006298578997389717,0.5271399999999999,6,3061035.5,23.80182647705078,6.790951251983643
21144,0.0,0.0006361564787363615,0.5271199999999999,4,6257528.5,24.049596786499023,8.522948265075684
21145,0.0,0.0006361564787363615,0.5270999999999999,3,427237.4375,24.354633331298828,11.183540344238281
21146,0.0,0.0006425180435237251,0.52708,4,68377712.0,24.706315994262695,3.707988977432251
21147,0.0,0.0006489432239589624,0.5270599999999999,4,1917112.5,24.769744873046875,14.850902557373047
21148,0.0,0.0007008586818756795,0.52704,6,40833996.0,24.82021713256836,7.838062763214111
21149,0.0,0.0007078672686944362,0.5270199999999999,4,3597479.25,24.69009780883789,9.63813591003418
21150,0.0,0.0007007885960074919,0.5269999999999999,2,3977657.25,24.721290588378906,5.696532249450684
21151,0.0,0.0007077964819675668,0.52698,4,7351064.0,24.7440185546875,2.8652100563049316
21152,0.0,0.0007148744467872424,0.5269599999999999,4,206806.125,24.50701141357422,9.747994422912598
21153,0.0,0.0007363206801908597,0.52694,5,1016994.4375,24.35293197631836,8.76241683959961
21154,0.0,0.0007584103005965855,0.5269199999999999,5,4127484.5,24.2282772064209,5.85361909866333
21155,0.0,0.0007811626096144831,0.5268999999999999,5,7985291.5,24.044612884521484,13.163934707641602
21156,0.0,0.0008045974879029176,0.5268799999999999,5,7124647.5,23.922027587890625,5.63381290435791
21157,0.0,0.0008287354125400051,0.5268599999999999,5,79981536.0,23.881059646606445,6.823291778564453
21158,0.0,0.0008950342455432056,0.52684,6,2205825.25,23.873517990112305,8.899188995361328
21159,0.0,0.0009218852729095019,0.5268199999999998,5,4874690.0,23.883697509765625,9.051739692687988
21160,0.0,0.0009126664201804069,0.5267999999999999,2,154025936.0,23.99732208251953,5.809796333312988
21161,0.0,0.0009856797337948395,0.5267799999999999,6,22437626.0,24.23430633544922,5.7549357414245605
21162,0.0,0.0009758229364568911,0.5267599999999999,2,4949031.0,24.319568634033203,8.444499969482422
21163,0.0,0.0010050976245505978,0.52674,5,9279049.0,24.553258895874023,6.669457912445068
21164,0.0,0.0010855054345146457,0.5267199999999999,6,24915406.0,24.629579544067383,5.074693202972412
21165,0.0,0.001118070597550085,0.5267,5,4719507.0,24.618362426757812,10.212265014648438
21166,0.0,0.001129251303525586,0.5266799999999999,4,305768.09375,24.55158042907715,11.318531036376953
21167,0.0,0.001038911199243539,0.5266599999999999,0,27882088.0,24.43769073486328,10.24680233001709
21168,0.0,0.0010493003112359745,0.52664,4,65287856.0,24.470956802368164,3.974198341369629
21169,0.0,0.0010597933143483343,0.5266199999999999,4,81496160.0,24.322052001953125,4.891784191131592
21170,0.0,0.0010703912474918176,0.5266,4,6073475.0,24.303508758544922,8.219989776611328
21171,0.0,0.0010703912474918176,0.5265799999999999,3,802410.875,24.28934097290039,8.729907989501953
21172,0.0,0.0010810951599667358,0.5265599999999999,4,9866160.0,24.338329315185547,7.566511154174805
21173,0.0,0.0011675827727640749,0.5265399999999999,6,86107.9765625,24.374574661254883,7.391373634338379
21174,0.0,0.0011792586004917157,0.5265199999999999,4,186714656.0,24.45810317993164,1.7476046085357666
21175,0.0,0.0011910511864966329,0.5265,4,41927736.0,24.447586059570312,15.769025802612305
21176,0.0,0.0010957670915769022,0.52648,0,11260268.0,24.360244750976562,10.02121353149414
21177,0.0,0.0010848094206611333,0.5264599999999999,2,432632.875,24.30364227294922,7.556426525115967
21178,0.0,0.0010848094206611333,0.5264399999999999,3,4842671.0,24.130260467529297,10.024955749511719
21179,0.0,0.001171594174314024,0.5264199999999999,6,4343175.0,24.080202102661133,5.230705261230469
21180,0.0,0.001077866640368902,0.5264,0,48421348.0,24.04355239868164,4.817548751831055
21181,0.0,0.001077866640368902,0.5263799999999998,3,26347812.0,24.149171829223633,13.579469680786133
21182,0.0,0.001110202639579969,0.5263599999999999,5,33987.5,24.049827575683594,6.864475727081299
21183,0.0,0.001110202639579969,0.5263399999999999,3,602526784.0,23.89745330810547,11.583404541015625
21184,0.0,0.0011213046659757687,0.5263199999999999,4,10107520.0,23.793651580810547,11.381839752197266
21185,0.0,0.0010316002926977074,0.5263,0,2633622.75,23.688426971435547,7.612224578857422
21186,0.0,0.0010316002926977074,0.5262799999999999,3,61177640.0,23.893157958984375,4.064951419830322
21187,0.0,0.0010212842897707303,0.52626,2,14756850.0,23.967994689941406,4.5148725509643555
21188,0.0,0.0010212842897707303,0.5262399999999999,3,5551787.0,24.151634216308594,7.7555131912231445
21189,0.0,0.0010212842897707303,0.5262199999999999,3,995360.5,24.333980560302734,7.979947090148926
21190,0.0,0.0010519228184638523,0.5262,5,75569560.0,24.46278190612793,9.95727825164795
21191,0.0,0.0010203651339099368,0.5261799999999999,1,58050912.0,24.423091888427734,11.758771896362305
21192,0.0,0.0010101614825708375,0.52616,2,21592968.0,24.452207565307617,7.025723457336426
21193,0.0,0.0010000598677451292,0.5261399999999999,2,1550843.75,24.368764877319336,5.999009132385254
21194,0.0,0.0010100604664225806,0.5261199999999999,4,17927900.0,24.276470184326172,12.909653663635254
21195,0.0,0.001090865303736387,0.5260999999999999,6,3331371.5,24.114450454711914,10.327741622924805
21196,0.0,0.0010035960794374762,0.5260799999999999,0,16874204.0,23.96758270263672,5.362143039703369
21197,0.0,0.0010838837657924743,0.52606,6,16336412.0,23.889163970947266,12.699856758117676
21198,0.0,0.0010730449281345495,0.5260399999999998,2,11727201.0,23.681507110595703,8.331291198730469
21199,0.0,0.001062314478853204,0.5260199999999999,2,8263551.5,23.728084564208984,6.253376483917236
21200,0.0,0.001062314478853204,0.5259999999999999,3,22441716.0,23.864652633666992,5.217665195465088
21201,0.0,0.001051691334064672,0.5259799999999999,2,29615424.0,24.05884552001953,1.7967300415039062
21202,0.0,0.0010622082474053187,0.52596,4,11127921.0,24.27907371520996,8.078368186950684
21203,0.0,0.0010515861649312654,0.5259399999999999,2,351868320.0,24.550262451171875,3.318258762359619
21204,0.0,0.0010621020265805781,0.5259199999999999,4,223864800.0,24.668987274169922,13.966218948364258
21205,0.0,0.0011470701887070244,0.5258999999999999,6,26111024.0,24.69474220275879,7.980271816253662
21206,0.0,0.0011585408905940948,0.5258799999999999,4,322919.25,24.6750431060791,6.590590000152588
21207,0.0,0.0011701262995000357,0.52586,4,26995732.0,24.697769165039062,2.33760142326355
21208,0.0,0.001181827562495036,0.5258399999999999,4,14759074.0,24.46198081970215,3.87838077545166
21209,4856430.770000009,0.0005992281077815642,0.52582,5,12605995.0,24.04657745361328,11.989846229553223
21210,3451668.640000009,0.0006471663564040894,0.5257999999999999,6,1376311.5,19.398033142089844,4.018405437469482
21211,3092648.650000009,0.0006989396649164166,0.5257799999999999,6,24321932.0,19.39337921142578,1.1254925727844238
21212,164311.08000001172,0.0006430244917231033,0.5257599999999999,0,2030700.0,19.388761520385742,8.928104400634766
21213,0.0,0.000591582532385255,0.5257399999999999,0,4589909.0,19.38382339477539,5.012981414794922
21214,0.0,0.000591582532385255,0.52572,3,146668960.0,19.379940032958984,2.685365676879883
21215,0.0,0.0005856667070614025,0.5257,2,171886128.0,24.25170135498047,9.363191604614258
21216,0.0,0.0006032367082732446,0.5256799999999999,5,16574881.0,24.547941207885742,4.237213611602783
21217,0.0,0.0006032367082732446,0.5256599999999999,3,352389376.0,24.276012420654297,4.810112476348877
21218,0.0,0.0006032367082732446,0.5256399999999999,3,7120943.0,24.49931526184082,6.310499668121338
21219,0.0,0.0006092690753559771,0.52562,4,878572.3125,24.447303771972656,7.573469161987305
21220,0.0,0.0006092690753559771,0.5255999999999998,3,53087744.0,24.310075759887695,6.996746063232422
21221,0.0,0.0006031763846024173,0.5255799999999999,2,1047242.625,24.330707550048828,9.378149032592773
21222,0.0,0.0006031763846024173,0.5255599999999999,3,12292354.0,24.409912109375,5.224749565124512
21223,0.0,0.0006031763846024173,0.5255399999999999,3,77196.0703125,24.237369537353516,8.158469200134277
21224,0.0,0.0006212716761404898,0.52552,5,32930200.0,24.235204696655273,4.320399761199951
21225,0.0,0.0006212716761404898,0.5254999999999999,3,15548448.0,24.053878784179688,4.4502763748168945
21226,0.0,0.0006212716761404898,0.52548,3,554631.125,24.285341262817383,6.7170538902282715
21227,0.0,0.0006212716761404898,0.5254599999999999,3,579452.0625,24.24001693725586,8.589256286621094
21228,0.0,0.0006709734102317291,0.5254399999999999,6,1221957.0,24.16098403930664,9.070947647094727
21229,0.0,0.000691102612538681,0.52542,5,27673812.0,23.813396453857422,10.404571533203125
21230,0.0,0.0007463908215417756,0.5253999999999999,6,8360550.5,23.60883903503418,14.134698867797852
21231,0.0,0.0007538547297571934,0.52538,4,9874180.0,23.436920166015625,5.877262115478516
21232,0.0,0.0006935463513766179,0.5253599999999999,0,13960618.0,23.43585205078125,9.22964096069336
21233,0.0,0.0006380626432664885,0.5253399999999999,0,7546964.5,23.705623626708984,6.855144500732422
21234,0.0,0.0006380626432664885,0.5253199999999999,3,6053900.5,23.759490966796875,6.754354476928711
21235,0.0,0.0005870176318051694,0.5252999999999999,0,11069282.0,23.76913070678711,7.648171424865723
21236,0.0,0.0006046281607593245,0.52528,5,201359216.0,24.10495948791504,12.172910690307617
21237,0.0,0.0006227670055821043,0.5252599999999998,5,69995504.0,24.074798583984375,3.9187674522399902
21238,0.0,0.000572945645135536,0.5252399999999999,0,125865632.0,24.390613555908203,4.125303745269775
21239,0.0,0.0005271099935246931,0.5252199999999999,0,2545397.5,24.779438018798828,15.612926483154297
21240,0.0,0.0004849411940427176,0.5251999999999999,0,13511202.0,24.797576904296875,11.067562103271484
21241,0.0,0.00044614589851930026,0.52518,0,466617.875,24.862520217895508,4.342552661895752
21242,0.0,0.00041045422663775623,0.5251599999999998,0,8299134.0,24.777807235717773,14.217012405395508
21243,0.0,0.0004145587689041338,0.5251399999999999,4,11320626.0,24.78246307373047,2.791455030441284
21244,0.0,0.00038139406739180314,0.5251199999999999,0,1429397.5,24.75390625,1.4549047946929932
21245,0.0,0.00038520800806572116,0.5250999999999999,4,29823228.0,24.9276065826416,6.115320682525635
21246,0.0,0.00037365176782374953,0.52508,1,11970372.0,24.748279571533203,11.86475658416748
21247,0.0,0.000362442214789037,0.5250599999999999,1,34857076.0,24.74065589904785,6.8975934982299805
21248,0.0,0.0003515689483453659,0.52504,1,230896784.0,24.680850982666016,4.147553443908691
21249,0.0,0.0003621160167957269,0.5250199999999999,5,7938282.0,24.590063095092773,8.832962989807129
21250,0.0,0.00037297949729959875,0.5249999999999999,5,132162720.0,24.405179977416992,8.589306831359863
21251,0.0,0.0003841688822185867,0.52498,5,6035124.0,24.332290649414062,6.169698238372803
21252,0.0,0.0003956939486851443,0.5249599999999999,5,4568194.5,24.27073860168457,7.31466817855835
21253,0.0,0.00040756476714569865,0.52494,5,359161120.0,24.168251037597656,9.681525230407715
21254,0.0,0.0004197917101600696,0.5249199999999999,5,55145872.0,24.175701141357422,2.275876522064209
21255,0.0,0.00038620837334726405,0.5248999999999999,0,2193901.5,24.16983413696289,7.3675713539123535
21256,0.0,0.0004171050432150452,0.5248799999999999,6,19311186.0,24.260086059570312,8.54688835144043
21257,0.0,0.00045047344667224884,0.5248599999999999,6,418635.65625,24.146087646484375,5.2182722091674805
21258,0.0,0.0004639876500724163,0.52484,5,9245242.0,24.24477767944336,3.2957050800323486
21259,0.0,0.0004779072795745888,0.5248199999999998,5,205957200.0,24.35446548461914,8.536991119384766
21260,0.0,0.0004922444979618265,0.5247999999999999,5,3790136.5,24.37543487548828,6.684966564178467
21261,0.0,0.0004922444979618265,0.5247799999999999,3,64312876.0,24.357789993286133,6.809915542602539
21262,0.0,0.0005070118329006813,0.5247599999999999,5,1937035.25,24.446996688842773,1.9416143894195557
21263,0.0,0.0005019417145716745,0.52474,2,150041040.0,24.450191497802734,6.235829830169678
21264,0.0,0.0004617863774059406,0.5247199999999999,0,55588980.0,24.52752685546875,7.506499767303467
21265,0.0,0.00042484346721346534,0.5246999999999999,0,13258251.0,24.575525283813477,8.282241821289062
21266,0.0,0.00042484346721346534,0.5246799999999999,3,184130.71875,24.514690399169922,8.771855354309082
21267,0.0,0.00042484346721346534,0.5246599999999999,3,2317429.75,24.304059982299805,10.585683822631836
21268,0.0,0.0004205950325413307,0.52464,2,2988733.25,24.102556228637695,11.152721405029297
21269,0.0,0.00038694742993802426,0.5246199999999999,0,5341111.5,23.95147705078125,7.304595470428467
21270,0.0,0.00041790322433306624,0.5246,6,8134121.5,23.89471435546875,7.4373459815979
21271,0.0,0.00040536612760307426,0.5245799999999999,1,6868582.5,23.762147903442383,5.685405731201172
21272,0.0,0.0003729368373948283,0.5245599999999999,0,8251590.5,23.93030548095703,8.3068208694458
21273,0.0,0.00036174873227298347,0.5245399999999999,1,37621784.0,24.05471420288086,9.133828163146973
21274,0.0,0.00035089627030479397,0.5245199999999999,1,63638356.0,24.20285987854004,3.9289700984954834
21275,0.0,0.00034036938219565016,0.5245,1,8780216.0,24.40042495727539,3.5095415115356445
21276,0.0,0.00031313983161999816,0.52448,0,7202365.0,24.552936553955078,6.413764953613281
21277,0.0,0.00031627122993619814,0.5244599999999999,4,488122.21875,24.746885299682617,5.416591167449951
21278,0.0,0.0003194339422355601,0.5244399999999999,4,2009472.75,24.799848556518555,4.046787261962891
21279,0.0,0.00032901696050262693,0.5244199999999999,5,1961811.25,24.859567642211914,6.162945747375488
21280,0.0,0.0003026956036624168,0.5244,0,11458523.0,24.778837203979492,13.03972339630127
21281,0.0,0.0003117764717722893,0.5243799999999998,5,30681856.0,24.65613555908203,11.745566368103027
21282,0.0,0.0003086587070545664,0.5243599999999999,2,359484.3125,24.333219528198242,7.443157196044922
21283,0.0,0.00031791846826620336,0.5243399999999999,5,349735.25,24.147268295288086,12.543954849243164
21284,0.0,0.00034335194572749966,0.5243199999999999,6,6423632.5,23.836986541748047,8.283429145812988
21285,0.0,0.00034678546518477466,0.5243,4,26425918.0,23.63481903076172,7.722639083862305
21286,0.0,0.0003190426279699927,0.5242799999999999,0,237788528.0,23.583370208740234,6.583120346069336
21287,0.0,0.0002935192177323933,0.52426,0,26118532.0,23.598609924316406,6.899537086486816
21288,0.0,0.00027003768031380186,0.5242399999999999,0,1329894.75,23.61066436767578,7.749080657958984
21289,0.0,0.0002484346658886977,0.5242199999999999,0,19442002.0,23.695314407348633,9.166454315185547
21290,0.0,0.0002285598926176019,0.5242,0,194179.03125,23.907732009887695,6.252506732940674
21291,0.0,0.00021027510120819376,0.5241799999999999,0,34671444.0,24.14614486694336,8.157719612121582
21292,0.0,0.00019345309311153826,0.52416,0,20053756.0,24.437498092651367,2.8501720428466797
21293,0.0,0.0001779768456626152,0.5241399999999999,0,87795928.0,24.693653106689453,5.729452133178711
21294,0.0,0.00017975661411924135,0.5241199999999999,4,198081.640625,24.921735763549805,2.989795446395874
21295,0.0,0.00018155418026043375,0.5240999999999999,4,2417242.0,25.176387786865234,3.2596185207366943
21296,0.0,0.0001833697220630381,0.5240799999999999,4,190025.5625,25.30767250061035,6.728751182556152
21297,0.0,0.00016870014429799506,0.52406,0,16504890.0,25.284954071044922,7.634628772735596
21298,0.0,0.00017038714574097501,0.5240399999999998,4,6778859.0,25.124046325683594,2.8045434951782227
21299,0.0,0.00017038714574097501,0.5240199999999999,3,2058939.0,24.699813842773438,5.922368049621582
21300,6477457.080000002,0.0006448220733580557,0.5239999999999999,6,9496640.0,24.121200561523438,3.6686244010925293
21301,4479734.75,0.0005932363074894112,0.5239799999999999,0,4373004.5,19.36983871459961,6.02241325378418
21302,2498124.270000001,0.0006406952120885642,0.52396,6,211243936.0,19.369333267211914,5.958714962005615
21303,1483906.5,0.0006919508290556494,0.5239399999999999,6,32308728.0,19.368642807006836,6.283810615539551
21304,896162.5799999996,0.0007127093539273189,0.5239199999999999,5,217116.53125,19.36773681640625,6.158544540405273
21305,349655.7699999979,0.0007055822603880457,0.5238999999999999,2,3346241.5,19.369483947753906,4.37381649017334
21306,0.0,0.0007267497281996871,0.5238799999999999,5,100824.34375,19.373374938964844,4.741811752319336
21307,0.0,0.0007049472363536965,0.52386,1,264624.125,19.375015258789062,6.367033958435059
21308,0.0,0.0007613430152619923,0.5238399999999999,6,7309168.0,24.021259307861328,9.756629943847656
21309,0.0,0.0007689564454146123,0.52382,4,3123431.0,24.425138473510742,10.448799133300781
21310,0.0,0.0008304729610477814,0.5237999999999999,6,51266500.0,24.71184730529785,2.9151182174682617
21311,0.0,0.0008969107979316039,0.5237799999999999,6,13346200.0,24.54371452331543,6.559327125549316
21312,0.0,0.0008879416899522878,0.52376,2,152547744.0,24.588001251220703,9.907323837280273
21313,0.0,0.0009589770251484709,0.5237399999999999,6,3567596.0,25.07050323486328,7.462308883666992
21314,0.0,0.0010356951871603487,0.52372,6,203975664.0,24.667343139648438,9.83907699584961
21315,0.0,0.0010356951871603487,0.5236999999999999,3,6073792.5,24.598493576049805,10.552139282226562
21316,0.0,0.0010356951871603487,0.5236799999999999,3,3838165.5,24.84792709350586,5.647765159606934
21317,0.0,0.0010253382352887453,0.5236599999999999,2,2961249.75,24.761930465698242,7.3705830574035645
21318,0.0,0.0009945780882300828,0.5236399999999999,1,1562756.125,24.899106979370117,1.7248291969299316
21319,0.0,0.0010741443352884894,0.52362,6,49182540.0,25.035682678222656,5.574341297149658
21320,0.0,0.0010741443352884894,0.5235999999999998,3,27985850.0,24.742170333862305,5.121821403503418
21321,0.0,0.0010419200052298348,0.5235799999999999,1,11781462.0,24.95209503173828,3.5148282051086426
21322,0.0,0.0010419200052298348,0.5235599999999999,3,8328172.0,25.08290672302246,4.892935752868652
21323,0.0,0.0010419200052298348,0.5235399999999999,3,67723.8671875,24.802684783935547,7.903844356536865
21324,0.0,0.000958566404811448,0.52352,0,61565512.0,24.66889762878418,4.078204154968262
21325,0.0,0.0009681520688595625,0.5234999999999999,4,23225170.0,24.73887062072754,1.874881625175476
21326,0.0,0.0009681520688595625,0.52348,3,11616006.0,24.433565139770508,6.270320892333984
21327,0.0,0.0009971966309253494,0.5234599999999999,5,132807096.0,24.411327362060547,6.726640224456787
21328,0.0,0.0010769723613993775,0.5234399999999999,6,378652096.0,24.22513771057129,8.786380767822266
21329,0.0,0.0010446631905573962,0.52342,1,216665632.0,24.00943946838379,9.909791946411133
21330,0.0,0.0010446631905573962,0.5233999999999999,3,695085.875,24.166608810424805,3.8367810249328613
21331,0.0,0.0010446631905573962,0.52338,3,25205994.0,24.001602172851562,5.220475196838379
21332,0.0,0.0010446631905573962,0.5233599999999999,3,217885072.0,23.985761642456055,7.413077354431152
21333,0.0,0.001128236245801988,0.5233399999999999,6,2655461.25,24.038951873779297,7.456503868103027
21334,0.0,0.0012184951454661472,0.5233199999999999,6,9352790.0,24.064796447753906,5.744473457336426
21335,0.0,0.0012550499998301315,0.5232999999999999,5,600647.5,24.249561309814453,4.365386486053467
21336,0.0,0.0012424994998318302,0.52328,2,11514503.0,24.449487686157227,6.400573253631592
21337,0.0,0.0011430995398452838,0.52326,0,18589138.0,24.658733367919922,6.14508056640625
21338,0.0,0.0011316685444468309,0.5232399999999999,2,186112192.0,24.824111938476562,8.41424560546875
21339,0.0,0.0011203518590023626,0.5232199999999999,2,3458418.5,24.97687530517578,1.7504043579101562
21340,0.0,0.001109148340412339,0.5231999999999999,2,10969505.0,25.07961654663086,7.290927410125732
21341,0.0,0.0010980568570082157,0.52318,2,19447874.0,25.072219848632812,9.25352668762207
21342,0.0,0.0010102123084475584,0.5231599999999998,0,72802896.0,25.00339126586914,5.373048782348633
21343,0.0,0.0010001101853630828,0.5231399999999999,2,15741256.0,24.908214569091797,4.878928184509277
21344,0.0,0.0010001101853630828,0.5231199999999999,3,515017.875,24.70226287841797,4.947371006011963
21345,0.0,0.0010101112872167137,0.5230999999999999,4,366418816.0,24.454816818237305,8.416641235351562
21346,0.0,0.0010202124000888808,0.52308,4,34870796.0,24.317813873291016,2.4549009799957275
21347,0.0,0.0010508187720915472,0.5230599999999999,5,8580317.0,24.215116500854492,6.3534979820251465
21348,0.0,0.001134884273858871,0.52304,6,42609160.0,24.04973602294922,10.60147762298584
21349,0.0,0.0012256750157675807,0.5230199999999999,6,5283418.0,23.930797576904297,8.95150089263916
21350,0.0,0.0013237290170289872,0.5229999999999999,6,6420507.5,23.86741828918457,10.622808456420898
21351,0.0,0.0012840171465181177,0.52298,1,32344550.0,23.859907150268555,7.111639499664307
21352,0.0,0.0012840171465181177,0.5229599999999999,3,127119.6484375,23.997926712036133,4.959628582000732
21353,0.0,0.0013867385182395671,0.52294,6,11087998.0,24.0252742767334,9.973389625549316
21354,0.0,0.0014976775996987325,0.5229199999999999,6,73595656.0,24.202802658081055,3.542344808578491
21355,0.0,0.0014527472717077705,0.5228999999999999,1,12385314.0,24.329299926757812,10.568063735961914
21356,0.0,0.0014527472717077705,0.5228799999999999,3,55238196.0,24.461393356323242,8.599042892456055
21357,0.0,0.0015689670534443922,0.5228599999999999,6,29785770.0,24.4927921295166,7.805635929107666
21358,0.0,0.001443449689168841,0.52284,0,121185.40625,24.51290512084961,6.666108131408691
21359,0.0,0.0014290151922771526,0.5228199999999998,2,13724334.0,24.562381744384766,13.721460342407227
21360,0.0,0.001414725040354381,0.5227999999999999,2,15913357.0,24.577960968017578,3.551968574523926
21361,0.0,0.0014005777899508372,0.5227799999999999,2,29419100.0,24.544553756713867,8.27840518951416
21362,0.0,0.0014145835678503456,0.5227599999999999,4,37921792.0,24.56001091003418,4.946249008178711
21363,0.0,0.001400437732171842,0.52274,2,1139404.0,24.615896224975586,3.6358602046966553
21364,0.0,0.0013864333548501237,0.5227199999999999,2,7651242.0,24.769329071044922,4.615965366363525
21365,0.0,0.0013725690213016225,0.5226999999999999,2,3580912.25,24.869098663330078,4.911347389221191
21366,0.0,0.0014823745430057524,0.5226799999999999,6,42139068.0,24.92636489868164,7.599919319152832
21367,0.0,0.001526845779295925,0.5226599999999999,5,41065340.0,24.905973434448242,7.430671691894531
21368,0.0,0.0015115773215029658,0.52264,2,587879.9375,24.89444351196289,8.583984375
21369,0.0,0.001632503507223203,0.5226199999999999,6,67399728.0,24.927364349365234,4.496024131774902
21370,0.0,0.0017631037878010594,0.5226,6,8130.1640625,24.78885269165039,8.943085670471191
21371,0.0,0.0019041520908251444,0.5225799999999999,6,26817592.0,24.655664443969727,10.43476676940918
21372,0.0,0.002056484258091156,0.5225599999999999,6,5815890.5,24.479236602783203,6.8394269943237305
21373,0.0,0.0020770491006720676,0.5225399999999999,4,1172029.0,24.288188934326172,7.204683303833008
21374,0.0,0.0022432130287258333,0.5225199999999999,6,4853044.5,24.139535903930664,5.938651084899902
21375,0.0,0.0022656451590130915,0.5225,4,184000.453125,24.03437614440918,7.694079875946045
21376,0.0,0.002446896771734139,0.5224799999999999,6,1400410.375,24.091976165771484,5.824479579925537
21377,0.0,0.00264264851347287,0.5224599999999999,6,3051213.0,24.23700523376465,2.971040725708008
21378,0.0,0.0028540603945507,0.5224399999999999,6,7288576.0,24.215436935424805,16.429777145385742
21379,0.0,0.0030823852261147562,0.5224199999999999,6,63697512.0,24.30413246154785,6.791171550750732
21380,0.0,0.003328976044203937,0.5224,6,163452.734375,24.339847564697266,14.113883018493652
21381,0.0,0.003229106762877819,0.5223799999999998,1,8517994.0,24.402297973632812,11.388144493103027
21382,0.0,0.0029707782218475936,0.5223599999999999,0,13630220.0,24.48251724243164,5.832184314727783
21383,0.0,0.002733115964099786,0.5223399999999999,0,13052565.0,24.624544143676758,2.144049644470215
21384,0.0,0.002514466686971803,0.5223199999999999,0,371351008.0,24.76815414428711,4.855384826660156
21385,0.0,0.0025396113538415214,0.5223,4,6725505.5,24.903907775878906,3.5141284465789795
21386,0.0,0.002742780262148843,0.5222799999999999,6,23531598.0,25.05219268798828,9.754369735717773
21387,0.0,0.0027702080647703316,0.52226,4,36584352.0,24.99525260925293,8.0913667678833
21388,0.0,0.002742505984122628,0.5222399999999999,2,13367226.0,24.691648483276367,13.00968074798584
21389,0.0,0.0027699310439638545,0.5222199999999999,4,1170288.75,24.298091888427734,2.6366190910339355
21390,0.0,0.002991525527480963,0.5222,6,260322528.0,23.807126998901367,2.038762331008911
21391,0.0,0.002752203485282486,0.5221799999999999,0,928983.75,23.348371505737305,6.3206915855407715
21392,0.0,0.002724681450429661,0.52216,2,592276.875,23.0085506439209,6.24246072769165
21393,0.0,0.002724681450429661,0.5221399999999999,3,43170232.0,22.588001251220703,12.0957670211792
21394,0.0,0.002724681450429661,0.5221199999999999,3,9276775.0,22.21026611328125,5.369400978088379
21395,0.0,0.002724681450429661,0.5220999999999999,3,49427540.0,21.751129150390625,4.401453018188477
21396,4734248.11,0.000544214180082155,0.5220799999999999,2,367669280.0,21.202228546142578,12.851491928100586
21397,3154595.9099999983,0.0005877513144887274,0.52206,6,14921490.0,19.479280471801758,10.274147033691406
21398,1708960.1599999962,0.0006347714196478257,0.5220399999999998,6,145910720.0,19.471574783325195,11.710198402404785
21399,962105.4799999954,0.0006855531332196519,0.5220199999999999,6,359315872.0,19.46355438232422,6.268721103668213
21400,0.0,0.0006786976018874554,0.5219999999999999,2,2285406.0,19.45779037475586,10.675333023071289
21401,0.0,0.0007329934100384519,0.5219799999999999,6,17809712.0,19.452768325805664,4.419658660888672
21402,0.0,0.0007403233441388364,0.52196,4,20879144.0,23.68737030029297,3.0319290161132812
21403,0.0,0.0007477265775802248,0.5219399999999998,4,720940.625,24.42658805847168,5.462310791015625
21404,0.0,0.0007477265775802248,0.5219199999999999,3,3526501.25,24.575489044189453,8.722267150878906
21405,0.0,0.0007477265775802248,0.5218999999999999,3,499351584.0,24.802200317382812,8.61481761932373
21406,0.0,0.0007402493118044226,0.5218799999999999,2,70498.75,24.921415328979492,3.2268307209014893
21407,0.0,0.0006810293668600688,0.52186,0,36935.1796875,25.09366798400879,6.818049907684326
21408,0.0,0.0006742190731914681,0.5218399999999999,2,56394.65234375,25.093496322631836,4.167659282684326
21409,0.0,0.0006809612639233827,0.52182,4,15531459.0,25.24738311767578,6.229773998260498
21410,0.0,0.0006741516512841489,0.5217999999999999,2,7683005.5,24.877735137939453,15.122352600097656
21411,0.0,0.000620219519181417,0.5217799999999999,0,4758652.0,24.887557983398438,5.739123344421387
21412,0.0,0.0006140173239896028,0.52176,2,2216904.0,24.8919677734375,10.66243839263916
21413,0.0,0.0006140173239896028,0.5217399999999999,3,8191099.0,24.44698715209961,9.322797775268555
21414,0.0,0.0006631387099087712,0.52172,6,40001700.0,24.141124725341797,5.67176628112793
21415,0.0,0.0007161898067014729,0.5216999999999999,6,4115703.75,23.78174591064453,10.570589065551758
21416,0.0,0.0006947041125004287,0.5216799999999999,1,7667384.0,23.671497344970703,7.681375980377197
21417,0.0,0.0006738629891254158,0.5216599999999999,1,185351584.0,23.907649993896484,6.482446670532227
21418,0.0,0.0007277720282554491,0.5216399999999999,6,117274448.0,23.948436737060547,4.781357765197754
21419,0.0,0.0007059388674077856,0.52162,1,123872536.0,23.85464859008789,3.955005407333374
21420,0.0,0.000684760701385552,0.5215999999999998,1,9364328.0,24.255369186401367,4.436221599578857
21421,0.0,0.0007395415574963963,0.5215799999999999,6,369383104.0,24.432701110839844,7.639569282531738
21422,0.0,0.0007395415574963963,0.5215599999999999,3,6792952.0,24.291282653808594,11.83619499206543
21423,0.0,0.0006803782328966846,0.5215399999999999,0,16295262.0,24.45134162902832,11.51386833190918
21424,0.0,0.0006259479742649498,0.52152,0,4183481.0,24.578950881958008,12.454224586486816
21425,0.0,0.0006196884945223004,0.5214999999999999,2,218203.921875,24.62686538696289,1.3926135301589966
21426,0.0,0.0005701134149605164,0.5214799999999999,0,1779895.125,24.547216415405273,9.801567077636719
21427,0.0,0.0005758145491101215,0.5214599999999999,4,83551472.0,24.563720703125,5.49684476852417
21428,0.0,0.0006218797130389313,0.5214399999999999,6,134409.125,24.51272201538086,4.2986249923706055
21429,0.0,0.0006280985101693206,0.52142,4,84204648.0,24.542436599731445,6.237854480743408
21430,0.0,0.000577850629355775,0.5213999999999999,0,3471478.5,24.7302188873291,3.215475082397461
21431,0.0,0.0005605151104751018,0.52138,1,57469668.0,24.84461212158203,8.04033374786377
21432,0.0,0.0005773305637893549,0.5213599999999999,5,91498704.0,24.83175277709961,6.512162685394287
21433,0.0,0.0005311441186862065,0.5213399999999999,0,5139925.5,24.737451553344727,7.666501998901367
21434,0.0,0.0005470784422467927,0.5213199999999999,5,122483640.0,24.719436645507812,9.457235336303711
21435,0.0,0.0005634907955141964,0.5212999999999999,5,43116816.0,24.64371109008789,3.4661214351654053
21436,0.0,0.0005803955193796224,0.52128,5,83843992.0,24.606653213500977,11.993616104125977
21437,0.0,0.0005803955193796224,0.52126,3,7685822.5,24.43841552734375,14.11501693725586
21438,0.0,0.0005978073849610111,0.5212399999999999,5,8357312.0,24.363754272460938,6.176466941833496
21439,0.0,0.0006157416065098414,0.5212199999999999,5,10912075.0,24.330411911010742,4.240947723388672
21440,0.0,0.0006650009350306288,0.5211999999999999,6,3662570.0,24.392412185668945,4.359999656677246
21441,0.0,0.0006450509069797099,0.52118,1,10598217.0,24.380859375,9.491479873657227
21442,0.0,0.0006644024341891011,0.5211599999999998,5,30068776.0,24.481645584106445,6.930853843688965
21443,0.0,0.0006644024341891011,0.5211399999999999,3,213324416.0,24.517810821533203,3.511606216430664
21444,0.0,0.0006112502394539731,0.5211199999999999,0,68667512.0,24.6588077545166,3.4453892707824707
21445,0.0,0.0006051377370594333,0.5210999999999999,2,44508660.0,24.796789169311523,7.599886417388916
21446,0.0,0.0005567267180946787,0.52108,0,6868746.5,24.79405975341797,7.551779270172119
21447,0.0,0.0005121885806471044,0.5210599999999999,0,34963268.0,24.858985900878906,3.440298080444336
21448,0.0,0.0005070666948406334,0.52104,2,9292961.0,24.923593521118164,6.608776569366455
21449,0.0,0.0005070666948406334,0.5210199999999999,3,10956270.0,24.9788818359375,4.1726484298706055
21450,0.0,0.00046650135925338276,0.5209999999999999,0,5917384.5,24.98961639404297,5.62105655670166
21451,0.0,0.00045250631847578126,0.52098,1,4034808.5,25.011638641357422,1.9970359802246094
21452,0.0,0.00045250631847578126,0.5209599999999999,3,9976344.0,24.89694595336914,8.310051918029785
21453,0.0,0.00045250631847578126,0.52094,3,52935984.0,24.631425857543945,10.983105659484863
21454,0.0,0.0004887068239538438,0.5209199999999999,6,2241024.0,24.328277587890625,12.823686599731445
21455,0.0,0.0004496102780375363,0.5208999999999999,0,27882708.0,24.049047470092773,7.719730377197266
21456,0.0,0.00041364145579453343,0.5208799999999999,0,19889004.0,23.899261474609375,10.354093551635742
21457,0.0,0.00040123221212069743,0.5208599999999999,1,69014400.0,23.861661911010742,4.101195335388184
21458,0.0,0.00036913363515104163,0.52084,0,186480416.0,23.89881706237793,8.963973999023438
21459,0.0,0.00038020764420557287,0.5208199999999998,5,347835968.0,23.969642639160156,11.84434700012207
21460,0.0,0.00038020764420557287,0.5207999999999999,3,9695195.0,23.95198631286621,9.826268196105957
21461,0.0,0.00036880141487940566,0.5207799999999999,1,400028.25,24.12845230102539,5.337429046630859
21462,0.0,0.0003577373724330235,0.5207599999999999,1,5246168.5,24.358373641967773,8.476923942565918
21463,0.0,0.0003577373724330235,0.52074,3,17110732.0,24.607547760009766,3.1238813400268555
21464,0.0,0.00035415999870869327,0.5207199999999998,2,11435713.0,24.784318923950195,7.738503456115723
21465,0.0,0.00035415999870869327,0.5206999999999999,3,356775968.0,24.96082878112793,4.740853309631348
21466,0.0,0.00035415999870869327,0.5206799999999999,3,68103848.0,25.047361373901367,7.043456077575684
21467,0.0,0.00035415999870869327,0.5206599999999999,3,71663160.0,25.086318969726562,3.6469838619232178
21468,0.0,0.00038249279860538875,0.52064,6,199372032.0,25.121097564697266,3.1001205444335938
21469,0.0,0.0003786678706193349,0.5206199999999999,2,5360336.5,25.017972946166992,10.224091529846191
21470,0.0,0.00036730783450075483,0.5206,1,2920517.0,24.951480865478516,5.029648780822754
21471,0.0,0.0003636347561557473,0.5205799999999999,2,3026229.0,24.902633666992188,4.179894924163818
21472,0.0,0.0003599984085941898,0.5205599999999999,2,476471008.0,24.803911209106445,6.282617568969727
21473,0.0,0.0003563984245082479,0.52054,2,8970057.0,24.771724700927734,2.5413737297058105
21474,0.0,0.00035283444026316545,0.5205199999999999,2,872299.0,24.702896118164062,4.767235279083252
21475,0.0,0.0003634194734710604,0.5205,5,16874434.0,24.635759353637695,3.9402008056640625
21476,0.0,0.0003743220576751922,0.5204799999999999,5,17721436.0,24.56300163269043,4.002219200134277
21477,0.0,0.00037806527825194413,0.5204599999999999,4,352967968.0,24.446584701538086,10.815022468566895
21478,0.0,0.0003667233199043858,0.5204399999999999,1,14964.30859375,24.405550003051758,6.142261028289795
21479,0.0,0.0003777250195015174,0.5204199999999999,5,9873919.0,24.243303298950195,12.41043758392334
21480,0.0,0.00034750701794139603,0.5204,0,8585668.0,24.278438568115234,5.512359142303467
21481,0.0,0.00035098208812081,0.5203799999999998,4,122927824.0,24.226612091064453,5.492553234100342
21482,0.0,0.0003544919090020181,0.5203599999999999,4,19657864.0,24.33786964416504,7.529642105102539
21483,0.0,0.0003828512617221796,0.5203399999999999,6,1717197.5,24.437030792236328,2.8317253589630127
21484,0.0,0.000394336799573845,0.5203199999999999,5,50295268.0,24.583925247192383,5.827510833740234
21485,0.0,0.000394336799573845,0.5203,3,8746868.0,24.71636390686035,1.443104863166809
21486,0.0,0.0003825066955866296,0.5202799999999999,1,181090992.0,24.583858489990234,4.893411636352539
21487,0.0,0.0003863317625424959,0.52026,4,12330336.0,24.405982971191406,4.849976062774658
21488,0.0,0.0003824684449170709,0.5202399999999999,2,9607576.0,23.988170623779297,13.707596778869629
21489,0.0,0.0003824684449170709,0.5202199999999999,3,2081925.875,23.56511688232422,4.622626781463623
21490,0.0,0.0004130659205104366,0.5202,6,2313055.5,23.110095977783203,6.228119373321533
21491,4630614.860000003,0.0006630064754991243,0.5201799999999999,3,16864930.0,22.596900939941406,4.619418144226074
21492,3624193.7900000014,0.0006696365402541156,0.52016,4,1634302.5,19.553625106811523,8.941556930541992
21493,3165857.170000002,0.0006629401748515744,0.5201399999999999,2,60586828.0,19.55132293701172,8.375968933105469
21494,2520081.7500000005,0.0007159753888397004,0.5201199999999999,6,187127872.0,19.5501708984375,3.185446262359619
21495,1955332.7300000004,0.0007732534199468765,0.5200999999999999,6,37258200.0,19.54823112487793,9.760254859924316
21496,701670.6900000039,0.0008351136935426267,0.5200799999999999,6,6485270.5,19.54536247253418,8.71314525604248
21497,521761.2700000036,0.0009019227890260369,0.52006,6,129909.859375,19.5449275970459,5.105954170227051
21498,181339.8500000033,0.000928980472696818,0.52004,5,24334960.0,19.5447998046875,5.337881565093994
21499,104596.16000000329,0.0009382702774237863,0.5200199999999999,4,10069245.0,19.544002532958984,10.963888168334961
21500,0.0,0.0009288875746495484,0.5199999999999999,2,11701458.0,19.541648864746094,4.684103965759277
21501,0.0,0.0009567542018890349,0.5199799999999999,5,10279561.0,19.53784942626953,8.822185516357422
21502,0.0,0.0009471866598701446,0.51996,2,94069288.0,24.16762351989746,11.65003776550293
21503,0.0,0.0009377147932714431,0.5199399999999998,2,340882304.0,24.39362335205078,5.370908737182617
21504,0.0,0.0009377147932714431,0.5199199999999999,3,13080990.0,24.379365921020508,9.11890983581543
21505,0.0,0.0009377147932714431,0.5198999999999999,3,5300233.0,24.136180877685547,11.424962997436523
21506,0.0,0.0008626976098097277,0.5198799999999999,0,127206032.0,24.000980377197266,8.19167709350586
21507,0.0,0.000871324585907825,0.51986,4,21599916.0,24.194169998168945,5.133028507232666
21508,0.0,0.000871324585907825,0.5198399999999999,3,1034207.8125,23.794750213623047,11.254621505737305
21509,0.0,0.0008800378317669033,0.51982,4,12621703.0,23.937259674072266,5.782004356384277
21510,0.0,0.0008712374534492342,0.5197999999999999,2,38612364.0,23.980735778808594,6.821232318878174
21511,0.0,0.0008712374534492342,0.5197799999999999,3,95509488.0,24.289291381835938,1.8967326879501343
21512,0.0,0.0008712374534492342,0.51976,3,9989961.0,24.395601272583008,7.910643100738525
21513,0.0,0.0008712374534492342,0.5197399999999999,3,103013784.0,24.648256301879883,2.9745213985443115
21514,0.0,0.0008015384571732955,0.51972,0,110398120.0,24.765342712402344,13.394865989685059
21515,0.0,0.0008255846108884944,0.5196999999999999,5,78275360.0,25.06324005126953,1.0510247945785522
21516,0.0,0.000891631379759574,0.5196799999999999,6,26308.63671875,25.01738929748535,1.89963960647583
21517,0.0,0.0009183803211523612,0.5196599999999999,5,686108.5625,25.096359252929688,6.073985576629639
21518,0.0,0.0009918507468445502,0.5196399999999999,6,181643552.0,25.20845603942871,2.0049076080322266
21519,0.0,0.0010216062692498867,0.51962,5,1469784.0,25.184223175048828,5.2233147621154785
21520,0.0,0.0010522544573273833,0.5195999999999998,5,79756960.0,25.194778442382812,2.3065717220306396
21521,0.0,0.0010838220910472048,0.5195799999999999,5,1207431.75,24.978757858276367,11.409823417663574
21522,0.0,0.0010946603119576768,0.5195599999999999,4,82283032.0,24.751848220825195,7.739760398864746
21523,0.0,0.0011056069150772536,0.5195399999999999,4,89839.8984375,24.524517059326172,9.582771301269531
21524,0.0,0.0011166629842280262,0.51952,4,171383792.0,24.33563232421875,3.027317523956299
21525,0.0,0.0011278296140703064,0.5194999999999999,4,32905514.0,24.177780151367188,7.341362476348877
21526,0.0,0.0011391079102110095,0.5194799999999999,4,8471267.0,24.07048797607422,7.695723056793213
21527,0.0,0.00117328114751734,0.5194599999999999,5,72213944.0,24.073204040527344,3.6473474502563477
21528,0.0,0.0012671436393187272,0.5194399999999999,6,9923920.0,24.02787971496582,9.950071334838867
21529,0.0,0.0013685151304642254,0.51942,6,4056004.75,24.020994186401367,5.641098976135254
21530,0.0,0.0013822002817688677,0.5193999999999999,4,454444.875,24.12601661682129,5.438063144683838
21531,0.0,0.0013960222845865564,0.51938,4,23324978.0,24.300405502319336,5.861454010009766
21532,0.0,0.0013541416160489596,0.5193599999999999,1,52041856.0,24.522573471069336,5.897953987121582
21533,0.0,0.0013406001998884699,0.5193399999999999,2,2860799.5,24.747079849243164,3.874876022338867
21534,0.0,0.0013003821938918157,0.5193199999999999,1,20822.7734375,24.848384857177734,7.4236531257629395
21535,0.0,0.0013393936597085702,0.5192999999999999,5,18569080.0,24.97205924987793,5.840122222900391
21536,0.0,0.0013795754694998273,0.51928,5,2313938.25,24.948476791381836,10.346760749816895
21537,0.0,0.0013381882054148324,0.5192599999999999,1,197007984.0,24.82949447631836,12.018747329711914
21538,0.0,0.0013783338515772775,0.5192399999999999,5,701532.875,24.722396850585938,7.530328750610352
21539,0.0,0.0013645505130615047,0.5192199999999999,2,33835056.0,24.56997299194336,3.9775023460388184
21540,0.0,0.0013781960181921198,0.5191999999999999,4,284409.9375,24.53849220275879,1.741056203842163
21541,0.0,0.001391977978374041,0.51918,4,142085328.0,24.536344528198242,4.430450916290283
21542,0.0,0.001391977978374041,0.5191599999999998,3,11935903.0,24.42369842529297,13.742121696472168
21543,0.0,0.0015033362166439644,0.5191399999999999,6,15992842.0,24.3453311920166,8.145464897155762
21544,0.0,0.0014883028544775247,0.5191199999999999,2,8297827.0,24.227937698364258,10.333611488342285
21545,0.0,0.0014734198259327494,0.5190999999999999,2,246749.578125,24.18637466430664,3.9275074005126953
21546,0.0,0.0014586856276734218,0.51908,2,71000560.0,24.20033073425293,6.281552314758301
21547,0.0,0.001473272483950156,0.5190599999999999,4,26146420.0,24.159374237060547,8.946900367736816
21548,0.0,0.001473272483950156,0.51904,3,212226.15625,24.106590270996094,10.495046615600586
21549,0.0,0.0013554106852341436,0.5190199999999999,0,59163420.0,24.072139739990234,8.85393238067627
21550,0.0,0.001463843540052875,0.5189999999999999,6,58926236.0,23.994873046875,11.652010917663574
21551,0.0,0.0014784819754534038,0.51898,4,53715456.0,23.86719512939453,13.429302215576172
21552,0.0,0.001522836434717006,0.5189599999999999,5,1193828.25,23.755327224731445,8.170524597167969
21553,0.0,0.0014010095199396455,0.51894,0,15425500.0,23.718374252319336,6.6067352294921875
21554,0.0,0.001288928758344474,0.5189199999999999,0,5582333.5,23.86843490600586,3.74786639213562
21555,0.0,0.0011858144576769162,0.5188999999999999,0,407276.59375,23.977516174316406,10.041104316711426
21556,0.0,0.0011976726022536854,0.5188799999999999,4,2895233.75,24.137250900268555,5.479744911193848
21557,0.0,0.0011617424241860748,0.5188599999999999,1,21940800.0,24.282060623168945,11.861085891723633
21558,0.0,0.0010688030302511888,0.51884,0,32180992.0,24.445505142211914,4.582326889038086
21559,0.0,0.0009832987878310938,0.51882,0,55701672.0,24.55718421936035,5.316983699798584
21560,0.0,0.0009931317757094049,0.5187999999999999,4,16076043.0,24.698591232299805,5.200202941894531
21561,0.0,0.0009633378224381227,0.5187799999999999,1,562249.5,24.775035858154297,8.365177154541016
21562,0.0,0.0010404048482331725,0.5187599999999999,6,11276455.0,24.794391632080078,6.519955635070801
21563,0.0,0.0010716169936801677,0.51874,5,3581672.75,24.845684051513672,8.334014892578125
21564,0.0,0.001060900823743366,0.5187199999999998,2,334561408.0,24.841602325439453,6.596795082092285
21565,0.0,0.0010715098319807998,0.5186999999999999,4,66985768.0,24.781084060668945,5.120166301727295
21566,0.0,0.0010822249303006077,0.5186799999999999,4,15386767.0,24.64478874206543,13.316802024841309
21567,0.0,0.0010930471796036139,0.5186599999999999,4,8683324.0,24.56148910522461,4.152109622955322
21568,0.0,0.0010930471796036139,0.51864,3,241430.609375,24.3291015625,15.882522583007812
21569,0.0,0.0010930471796036139,0.5186199999999999,3,36711556.0,24.162015914916992,3.6229491233825684
21570,0.0,0.0010602557642155055,0.5186,1,62853.2734375,24.10005760192871,4.0351057052612305
21571,0.0,0.0010708583218576606,0.5185799999999999,4,7115313.5,23.96552848815918,8.582687377929688
21572,0.0,0.0011029840715133905,0.5185599999999999,5,7694822.0,24.122644424438477,4.409331798553467
21573,0.0,0.0010147453457923193,0.51854,0,1089220.5,24.23765754699707,5.756975173950195
21574,0.0,0.0010248927992502425,0.5185199999999999,4,11512472.0,24.281620025634766,5.438460350036621
21575,0.0,0.0009429013753102231,0.5185,0,116107.71875,24.612594604492188,8.088340759277344
21576,0.0,0.0009523303890633253,0.5184799999999999,4,2256184.0,24.626529693603516,6.356666564941406
21577,0.0,0.0009618536929539586,0.5184599999999999,4,6878666.5,24.793228149414062,11.587129592895508
21578,0.0,0.0009714722298834981,0.5184399999999999,4,10851654.0,24.83290672302246,6.744336128234863
21579,0.0,0.0009811869521823332,0.5184199999999999,4,11161922.0,24.8105525970459,9.0614595413208
21580,0.0,0.0010106225607478033,0.5184,5,6550100.0,24.79083824157715,3.0444650650024414
21581,0.0,0.0009803038839253692,0.5183799999999998,1,1604432.5,24.370473861694336,14.467695236206055
21582,0.0,0.000950894767407608,0.5183599999999999,1,17456262.0,23.78877067565918,7.167934894561768
21583,4168410.439999993,0.0004648306485926266,0.5183399999999999,2,22930082.0,19.54390525817871,7.736945629119873
21584,2256159.2399999974,0.0004787755680504054,0.5183199999999999,5,6688092.0,19.541793823242188,3.465604305267334
21585,1000640.7299999951,0.0004931388350919176,0.5183,5,13467667.0,19.538856506347656,4.424164772033691
21586,0.0,0.00047834467003916,0.5182799999999999,1,41490280.0,19.534948348999023,15.046037673950195
21587,0.0,0.0004639943299379852,0.5182599999999999,1,9512141.0,19.53318214416504,2.812297821044922
21588,0.0,0.00045935438663860533,0.5182399999999999,2,31796122.0,21.811904907226562,13.89496898651123
21589,0.0,0.00045935438663860533,0.5182199999999999,3,14017041.0,23.534212112426758,4.554386615753174
21590,0.0,0.00045935438663860533,0.5182,3,11455540.0,24.415149688720703,2.7468228340148926
21591,0.0,0.0004226060357075169,0.5181799999999999,0,4269968.5,24.485551834106445,10.846400260925293
21592,0.0,0.00043528421677874245,0.51816,5,25959688.0,23.65365982055664,6.532257556915283
21593,0.0,0.00047010695412104186,0.5181399999999999,6,185310304.0,24.403907775878906,4.728156566619873
21594,0.0,0.0005077155104507253,0.5181199999999999,6,10512445.0,24.27544403076172,10.462949752807617
21595,0.0,0.0005483327512867833,0.5180999999999999,6,5848670.0,24.21809196472168,6.188660144805908
21596,0.0,0.000592199371389726,0.5180799999999999,6,909492.75,24.231300354003906,4.6402692794799805
21597,0.0,0.0006099653525314178,0.51806,5,55360304.0,24.28348731994629,3.0798211097717285
21598,0.0,0.0006587625807339312,0.51804,6,11415979.0,24.29088592529297,10.527325630187988
21599,0.0,0.000652174954926592,0.5180199999999999,2,61325336.0,24.2898006439209,3.5476269721984863
21600,0.0,0.0006586967044758579,0.5179999999999999,4,4939222.5,24.50062370300293,6.417105674743652
21601,0.0,0.0006521097374310994,0.5179799999999999,2,1102833.375,24.413604736328125,6.065958023071289
21602,0.0,0.0006716730295540324,0.51796,5,24107484.0,24.475419998168945,8.220796585083008
21603,0.0,0.0006515228386674114,0.5179399999999998,1,1779165.25,24.288061141967773,9.068459510803223
21604,0.0,0.0006710685238274338,0.5179199999999999,5,15752296.0,24.43815803527832,2.2414960861206055
21605,0.0,0.0006643578385891595,0.5178999999999999,2,7365171.0,24.399473190307617,2.4626502990722656
21606,0.0,0.0006842885737468342,0.5178799999999999,5,7693477.5,24.621597290039062,2.480618476867676
21607,0.0,0.0007048172309592393,0.51786,5,3438997.25,24.574337005615234,8.682154655456543
21608,0.0,0.0007259617478880165,0.5178399999999999,5,6476676.5,24.607206344604492,6.084869384765625
21609,0.0,0.000704182895451376,0.51782,1,6425657.5,24.691518783569336,5.419600963592529
21610,0.0,0.0007253083823149173,0.5177999999999999,5,458325.25,24.75340461730957,10.185002326965332
21611,0.0,0.0007325614661380665,0.5177799999999999,4,10145.951171875,24.615610122680664,5.514716625213623
21612,0.0,0.0007545383101222085,0.51776,5,26734482.0,24.63529396057129,5.767416954040527
21613,0.0,0.0007771744594258748,0.5177399999999999,5,48561632.0,24.61553955078125,6.343641757965088
21614,0.0,0.0007150005026718048,0.51772,0,185271232.0,24.573394775390625,9.978192329406738
21615,0.0,0.0007150005026718048,0.5176999999999999,3,338540928.0,24.56890869140625,8.223310470581055
21616,0.0,0.0007078504976450868,0.5176799999999999,2,2079312.0,24.464155197143555,7.795751571655273
21617,0.0,0.0007149290026215376,0.5176599999999999,4,224577648.0,24.41744041442871,6.075437545776367
21618,0.0,0.0007220782926477531,0.5176399999999999,4,34525544.0,24.274856567382812,10.442771911621094
21619,0.0,0.0007292990755742306,0.51762,4,35209856.0,24.273418426513672,3.981414794921875
21620,0.0,0.0007365920663299729,0.5175999999999998,4,475070.875,24.31367301940918,5.1725592613220215
21621,0.0,0.0007439579869932727,0.5175799999999999,4,2548277.0,24.435598373413086,6.610777854919434
21622,0.0,0.0007513975668632054,0.5175599999999999,4,8079671.5,24.464069366455078,10.777576446533203
21623,0.0,0.0007589115425318374,0.5175399999999999,4,199743.109375,24.39192008972168,11.157026290893555
21624,0.0,0.0007665006579571558,0.51752,4,6231032.5,24.379634857177734,5.358335494995117
21625,0.0,0.0007741656645367273,0.5174999999999998,4,7935928.5,24.40866470336914,2.530578136444092
21626,0.0,0.0008360989176996656,0.5174799999999999,6,4346442.0,24.434730529785156,6.669801712036133
21627,0.0,0.000827737928522669,0.5174599999999999,2,122145784.0,24.489282608032227,4.179386615753174
21628,0.0,0.0008360153078078957,0.5174399999999999,4,179032.15625,24.4908504486084,11.72039794921875
21629,0.0,0.0008109348485736587,0.51742,1,188948880.0,24.40056037902832,11.882428169250488
21630,0.0,0.0008352628940308686,0.5173999999999999,5,31485450.0,24.34197425842285,9.085529327392578
21631,0.0,0.0008603207808517946,0.51738,5,8043169.0,24.262601852416992,7.258428573608398
21632,0.0,0.0008603207808517946,0.5173599999999999,3,359357152.0,24.311187744140625,6.65228271484375
21633,0.0,0.0008861304042773484,0.5173399999999999,5,3453984.5,24.289234161376953,11.174529075622559
21634,0.0,0.0009127143164056689,0.51732,5,158497.171875,24.226072311401367,6.893253803253174
21635,0.0,0.0009127143164056689,0.5172999999999999,3,605833.3125,24.186054229736328,9.159411430358887
21636,0.0,0.0009218414595697257,0.51728,4,39084912.0,24.244136810302734,1.472374439239502
21637,0.0,0.0008480941428041476,0.5172599999999999,0,7589406.5,24.407814025878906,4.430747985839844
21638,0.0,0.0008396132013761061,0.5172399999999999,2,2724801.0,24.70353126525879,2.0185232162475586
21639,0.0,0.0008312170693623451,0.5172199999999999,2,5922775.0,24.903854370117188,10.117761611938477
21640,0.0,0.0008229048986687216,0.5171999999999999,2,352794176.0,24.97179412841797,9.919976234436035
21641,0.0,0.0008311339476554089,0.51718,4,25616130.0,25.030118942260742,5.280105113983154
21642,0.0,0.0008976246634678416,0.5171599999999998,6,26436708.0,25.03461456298828,5.169400691986084
21643,0.0,0.0008258146903904143,0.5171399999999999,0,4007426.25,25.015052795410156,4.642604351043701
21644,0.0,0.0008918798656216475,0.5171199999999999,6,71549424.0,24.79457664489746,16.4064884185791
21645,0.0,0.000900798664277864,0.5170999999999999,4,957041.3125,24.563148498535156,8.18798542022705
21646,0.0,0.0009728625574200932,0.51708,6,4054708.0,24.390016555786133,4.9678497314453125
21647,0.0,0.0010506915620137006,0.5170599999999999,6,7664284.0,24.211109161376953,10.139284133911133
21648,0.0,0.0011347468869747968,0.5170399999999999,6,12071454.0,24.118803024291992,6.019435405731201
21649,0.0,0.0012255266379327806,0.5170199999999999,6,7557359.0,24.09214973449707,6.963452339172363
21650,0.0,0.0013235687689674032,0.5169999999999999,6,49477076.0,24.086475372314453,7.269611835479736
21651,0.0,0.0013103330812777292,0.51698,2,6542376.0,24.077804565429688,10.071077346801758
21652,0.0,0.0013234364120905066,0.5169599999999999,4,9267942.0,24.233278274536133,2.122380256652832
21653,0.0,0.0014293113250577472,0.51694,6,797911.25,24.400724411010742,7.095541954040527
21654,0.0,0.001543656231062367,0.5169199999999999,6,5614036.0,24.486438751220703,12.306735038757324
21655,0.0,0.001497346544130496,0.5168999999999999,1,53517440.0,24.652957916259766,4.37116813659668
21656,0.0,0.0013775588206000563,0.5168799999999999,0,6756027.5,24.86359977722168,1.5400750637054443
21657,0.0,0.0012673541149520518,0.5168599999999999,0,6379829.0,25.04541015625,0.9855222105979919
21658,0.0,0.0012293334915034902,0.51684,1,372475328.0,25.126768112182617,5.747485637664795
21659,0.0,0.0012416268264185252,0.51682,4,3432937.5,25.170461654663086,3.5641894340515137
21660,0.0,0.00122921055815434,0.5167999999999999,2,7146143.5,25.108013153076172,12.913074493408203
21661,0.0,0.0012169184525727965,0.5167799999999999,2,37544064.0,24.915590286254883,6.226873397827148
21662,0.0,0.0012047492680470684,0.5167599999999999,2,67128440.0,24.52118492126465,19.300437927246094
21663,0.0,0.0012408917460884805,0.51674,5,3746069.25,24.19110679626465,5.2492241859436035
21664,0.0,0.001340163085775559,0.5167199999999998,6,3168631.25,24.055335998535156,5.256693363189697
21665,0.0,0.001380367978348826,0.5166999999999999,5,8350673.5,23.972810745239258,5.068264007568359
21666,0.0,0.0012699385400809198,0.5166799999999999,0,5023783.5,24.00198745727539,2.5261433124542236
21667,0.0,0.0012826379254817291,0.5166599999999999,4,4289535.0,23.840984344482422,13.581375122070312
21668,0.0,0.0012698115462269118,0.51664,2,2190437.5,23.94809913635254,7.115790367126465
21669,0.0,0.001282509661689181,0.5166199999999999,4,115644040.0,24.05487823486328,4.406722545623779
21670,0.0,0.0012696845650722892,0.5166,2,9740874.0,24.277267456054688,5.866111755371094
21671,0.0,0.001282381410723012,0.5165799999999999,4,93908744.0,24.423999786376953,5.118863105773926
21672,0.0,0.001295205224830242,0.5165599999999999,4,276107.25,24.694005966186523,3.261329174041748
21673,0.0,0.0011915888068438228,0.51654,0,1101368.0,24.419464111328125,14.388206481933594
21674,0.0,0.0011558411426385081,0.5165199999999999,1,22294338.0,24.04819679260254,4.41372013092041
21675,0.0,0.001167399554064893,0.5165,4,16466369.0,23.525854110717773,8.327760696411133
21676,0.0,0.001179073549605542,0.5164799999999999,4,1546270.5,22.982315063476562,6.964236736297607
21677,0.0,0.0012733994335739855,0.5164599999999999,6,212357792.0,22.342819213867188,9.534891128540039
21678,2928391.669999987,0.000546821465338287,0.5164399999999999,6,2379740.5,21.491247177124023,11.892010688781738
21679,2322289.7899999875,0.00059056718256535,0.5164199999999999,6,1350279.0,19.468881607055664,6.578242301940918
21680,886614.1399999859,0.0005964728543910035,0.5164,4,9659590.0,19.46293067932129,8.969377517700195
21681,626869.369999986,0.0005964728543910035,0.5163799999999998,3,158013552.0,19.459917068481445,5.042874813079834
21682,0.0,0.0005487550260397233,0.5163599999999999,0,4834725.5,19.45843505859375,5.212865829467773
21683,0.0,0.0005542425763001205,0.5163399999999999,4,9140166.0,19.455551147460938,4.195313930511475
21684,0.0,0.0005708698535891242,0.5163199999999999,5,213170.484375,23.717437744140625,3.8433876037597656
21685,0.0,0.0006165394418762542,0.5163,6,361039904.0,24.1653995513916,5.003251552581787
21686,0.0,0.0006350356251325418,0.5162799999999999,5,8856456.0,24.61180877685547,3.6497373580932617
21687,0.0,0.0006413859813838673,0.5162599999999999,4,336695744.0,24.928701400756836,6.3865180015563965
21688,0.0,0.0006926968598945767,0.5162399999999999,6,534909.875,25.01190757751465,11.205442428588867
21689,0.0,0.000713477765691414,0.5162199999999999,5,46817128.0,24.66985321044922,9.69752311706543
21690,0.0,0.0007348820986621565,0.5162,5,47613.59375,24.54545783996582,7.49920654296875
21691,0.0,0.0007569285616220213,0.5161799999999999,5,315020.1875,24.30005645751953,4.775406360626221
21692,0.0,0.0007644978472382415,0.51616,4,46499872.0,24.12948226928711,5.005642890930176
21693,0.0,0.000772142825710624,0.5161399999999999,4,194155088.0,24.08962631225586,9.039056777954102
21694,0.0,0.0007953071104819427,0.5161199999999999,5,340361.625,23.93878746032715,11.715167999267578
21695,0.0,0.0007873540393771233,0.5161,2,2524518.0,23.808422088623047,4.2494001388549805
21696,0.0,0.0007794804989833521,0.5160799999999999,2,6114152.5,23.970733642578125,4.8776750564575195
21697,0.0,0.0007560960840138515,0.51606,1,5242528.0,24.023801803588867,6.545552730560303
21698,0.0,0.0007485351231737129,0.5160399999999999,2,134008184.0,24.23529815673828,3.233501434326172
21699,0.0,0.0006886523133198159,0.5160199999999999,0,310790976.0,24.2992000579834,7.412817478179932
21700,0.0,0.0006817657901866178,0.5159999999999999,2,180327.515625,24.570772171020508,3.5191080570220947
21701,0.0,0.0006749481322847516,0.5159799999999999,2,1151021.75,24.592086791992188,5.849605083465576
21702,0.0,0.0006209522817019715,0.51596,0,677372928.0,24.7860050201416,2.237896680831909
21703,0.0,0.0006395808501530306,0.5159399999999998,5,199445408.0,24.987394332885742,5.344220161437988
21704,0.0,0.0006459766586545609,0.5159199999999999,4,3205921.75,24.755720138549805,11.891870498657227
21705,0.0,0.0006265973588949241,0.5158999999999999,1,4704481.5,24.77139663696289,3.7562525272369385
21706,0.0,0.0006077994381280764,0.5158799999999999,1,4839287.0,24.796207427978516,9.851129531860352
21707,0.0,0.0005895654549842341,0.51586,1,105853200.0,24.60066795349121,10.148295402526855
21708,0.0,0.0005895654549842341,0.5158399999999999,3,22597174.0,24.522418975830078,2.6703786849975586
21709,0.0,0.0005895654549842341,0.51582,3,174880880.0,24.17169952392578,18.455156326293945
21710,0.0,0.0005895654549842341,0.5157999999999999,3,7543192.5,23.90880012512207,9.886399269104004
21711,0.0,0.0005954611095340765,0.5157799999999999,4,7071888.0,23.67459487915039,6.741625785827637
21712,0.0,0.0006014157206294173,0.51576,4,15739736.0,23.484342575073242,6.945647716522217
21713,0.0,0.0006014157206294173,0.5157399999999999,3,113312624.0,23.43049430847168,5.458268642425537
21714,0.0,0.0006014157206294173,0.51572,3,100475.96875,23.562440872192383,4.2701497077941895
21715,0.0,0.0006014157206294173,0.5156999999999999,3,359377088.0,23.760066986083984,6.929806232452393
21716,0.0,0.0006194581922482998,0.5156799999999999,5,7759559.0,24.08366584777832,7.871215343475342
21717,0.0,0.0005699015368684358,0.5156599999999999,0,430980.875,24.382986068725586,5.528463363647461
21718,0.0,0.0005869985829744889,0.5156399999999999,5,3327984.0,24.81661605834961,3.853773593902588
21719,0.0,0.0006339584696124481,0.51562,6,7362791.0,25.04220962524414,5.780939102172852
21720,0.0,0.0005832417920434523,0.5156,0,4020324.5,25.28158187866211,2.612022638320923
21721,0.0,0.0005774093741230177,0.5155799999999999,2,16887228.0,25.445323944091797,5.975124359130859
21722,0.0,0.0005831834678642479,0.5155599999999999,4,3459493.5,25.363872528076172,8.973797798156738
21723,0.0,0.0006298381452933878,0.5155399999999999,6,1217205.375,25.19393539428711,6.035662651062012
21724,0.0,0.0006802251969168588,0.51552,6,321092672.0,24.9302921295166,5.492198467254639
21725,0.0,0.000659818441009353,0.5154999999999998,1,3023737.5,24.610200881958008,7.7213053703308105
21726,0.0,0.0007126039162901013,0.5154799999999999,6,6791334.0,24.401439666748047,7.981502532958984
21727,0.0,0.0007197299554530023,0.5154599999999999,4,27575590.0,24.079294204711914,6.458578586578369
21728,0.0,0.0007269272550075324,0.5154399999999999,4,2605151.5,23.908700942993164,8.127206802368164
21729,0.0,0.0007269272550075324,0.51542,3,33791364.0,23.888399124145508,2.6206140518188477
21730,0.0,0.0007269272550075324,0.5153999999999999,3,134632944.0,23.87582778930664,6.909590244293213
21731,0.0,0.0007341965275576077,0.51538,4,38741160.0,23.924480438232422,6.916364669799805
21732,0.0,0.0007121706317308794,0.5153599999999999,1,4317793.5,23.970495223999023,9.73238468170166
21733,0.0,0.0006551969811924091,0.5153399999999999,0,42605180.0,24.145631790161133,3.2612204551696777
21734,0.0,0.0006551969811924091,0.51532,3,11095234.0,24.42551040649414,4.980329513549805
21735,0.0,0.0006748528906281814,0.5152999999999999,5,6574700.0,24.669273376464844,7.823363304138184
21736,0.0,0.000728841121878436,0.51528,6,9947217.0,24.899873733520508,6.504115581512451
21737,0.0,0.000728841121878436,0.5152599999999999,3,36186828.0,25.079647064208984,6.554862976074219
21738,0.0,0.0007361295330972203,0.5152399999999999,4,7691501.0,25.230260848999023,6.478643417358398
21739,0.0,0.0007361295330972203,0.5152199999999999,3,14191981.0,25.268640518188477,5.733421802520752
21740,0.0,0.0007434908284281926,0.5151999999999999,4,15801013.0,25.18605613708496,7.673478126525879
21741,0.0,0.0006840115621539372,0.51518,0,12518268.0,25.036733627319336,5.514917373657227
21742,0.0,0.0007387324871262523,0.5151599999999998,6,1021112.8125,24.95311164855957,4.184856414794922
21743,0.0,0.0007387324871262523,0.5151399999999999,3,5310747.5,24.711702346801758,8.111608505249023
21744,0.0,0.0006796338881561522,0.5151199999999999,0,2841711.5,24.484060287475586,6.979343414306641
21745,0.0,0.0007000229048008367,0.5150999999999999,5,9053568.0,24.290924072265625,6.988504886627197
21746,0.0,0.0007210235919448618,0.51508,5,6111550.0,24.09071922302246,4.312433242797852
21747,0.0,0.0007426542997032077,0.5150599999999999,5,1192806.25,23.903257369995117,10.496505737304688
21748,0.0,0.0007352277567061757,0.5150399999999999,2,114672112.0,23.743820190429688,8.716501235961914
21749,0.0,0.0007940459772426698,0.5150199999999999,6,186910544.0,23.77394676208496,4.860991477966309
21750,0.0,0.0008575696554220834,0.5149999999999999,6,220218160.0,23.8542423248291,7.331824779510498
21751,0.0,0.0009261752278558502,0.51498,6,173025760.0,23.996479034423828,6.577364921569824
21752,0.0,0.0010002692460843183,0.5149599999999999,6,4126467.5,24.089731216430664,9.435346603393555
21753,0.0,0.001080290785771064,0.51494,6,29927102.0,24.122804641723633,11.43702507019043
21754,0.0,0.0009938675229093788,0.5149199999999999,0,77930976.0,24.217702865600586,5.49639368057251
21755,0.0,0.0010733769247421292,0.5148999999999999,6,33470554.0,24.30476951599121,2.9327573776245117
21756,0.0,0.0010626431554947079,0.5148799999999999,2,3076499.0,24.489545822143555,7.779935836791992
21757,0.0,0.0010520167239397608,0.5148599999999999,2,75852256.0,24.469345092773438,8.90062141418457
21758,0.0,0.0011361780618549418,0.51484,6,15422637.0,24.50559425354004,5.488980293273926
21759,0.0,0.0011475398424734913,0.5148199999999999,4,3195285.0,24.529348373413086,10.983349800109863
21760,0.0,0.001055736655075612,0.5147999999999999,0,96988432.0,24.498619079589844,1.2037545442581177
21761,0.0,0.0009712777226695632,0.5147799999999999,0,18446000.0,24.310375213623047,7.837098121643066
21762,0.0,0.0009809904998962589,0.5147599999999999,4,118447496.0,24.2279052734375,3.993242025375366
21763,0.0,0.0009908004048952215,0.51474,4,5476947.5,24.217275619506836,8.026058197021484
21764,0.0,0.0010007084089441738,0.5147199999999998,4,19308872.0,24.015300750732422,10.395127296447754
21765,0.0,0.0010107154930336156,0.5146999999999999,4,8110443.0,23.830650329589844,10.358871459960938
21766,0.0,0.0010208226479639518,0.5146799999999999,4,189159024.0,23.678478240966797,8.81195068359375
21767,0.0,0.0010310308744435914,0.5146599999999999,4,921103.8125,23.61956787109375,6.030165195465088
21768,0.0,0.0010413411831880273,0.51464,4,35784680.0,23.447378158569336,7.280024528503418
21769,0.0,0.001030927771356147,0.5146199999999999,2,14205548.0,23.27092933654785,7.103495121002197
21770,0.0,0.0010412370490697086,0.5146,4,6959567.0,23.133399963378906,7.724208831787109
21771,0.0,0.0010412370490697086,0.5145799999999999,3,164663520.0,22.94387435913086,10.56318473815918
21772,4961987.440000007,0.0005870786557510828,0.5145599999999999,5,41966748.0,22.78855323791504,6.244531154632568
21773,3560908.520000007,0.0005929494423085936,0.51454,4,10603469.0,19.497291564941406,4.935734748840332
21774,2434790.100000008,0.0006107379255778514,0.5145199999999999,5,5876618.5,19.498279571533203,7.298875331878662
21775,277784.99000002025,0.0006107379255778514,0.5145,3,28854688.0,19.49909019470215,4.218939304351807
21776,0.0,0.000629060063345187,0.5144799999999999,5,39079168.0,19.500120162963867,8.28370189666748
21777,0.0,0.0006353506639786389,0.5144599999999999,4,14321559.0,19.49911880493164,1.796832799911499
21778,0.0,0.0006417041706184253,0.5144399999999999,4,7648490.5,24.58673095703125,7.447562217712402
21779,0.0,0.0006930405042678994,0.5144199999999999,6,27944178.0,24.63890266418457,6.668570041656494
21780,0.0,0.0006999709093105784,0.5144,4,35203572.0,24.299758911132812,6.16314172744751
21781,0.0,0.0007559685820554247,0.5143799999999998,6,318947104.0,24.276601791381836,12.859820365905762
21782,0.0,0.0007559685820554247,0.5143599999999999,3,2356639.5,23.824485778808594,9.617307662963867
21783,0.0,0.0008164460686198587,0.5143399999999999,6,10699250.0,23.88111114501953,10.405147552490234
21784,0.0,0.0008164460686198587,0.5143199999999999,3,38534544.0,23.463972091674805,4.612823009490967
21785,0.0,0.0008164460686198587,0.5143,3,10303308.0,23.70989418029785,6.061424732208252
21786,0.0,0.0008164460686198587,0.5142799999999998,3,4924965.0,23.767751693725586,8.299581527709961
21787,0.0,0.0008164460686198587,0.5142599999999999,3,4892487.5,23.893840789794922,7.985433578491211
21788,0.0,0.00075113038313027,0.5142399999999999,0,26564552.0,24.084566116333008,6.460076808929443
21789,0.0,0.00075113038313027,0.5142199999999999,3,30486972.0,24.67159080505371,2.2928566932678223
21790,0.0,0.0007436190792989673,0.5142,2,26890296.0,24.562145233154297,12.76835823059082
21791,0.0,0.0007436190792989673,0.5141799999999999,3,93417064.0,24.91993522644043,4.820992469787598
21792,0.0,0.0008031086056428848,0.51416,6,13810111.0,24.96991729736328,14.001762390136719
21793,0.0,0.0008111396916993136,0.5141399999999999,4,118890624.0,24.91655158996582,5.696377754211426
21794,0.0,0.0008192510886163068,0.5141199999999999,4,22213160.0,24.98027229309082,8.621976852416992
21795,0.0,0.0008438286212747961,0.5141,5,247603.6875,24.878450393676758,8.671842575073242
21796,0.0,0.0008522669074875441,0.5140799999999999,4,83757584.0,24.607202529907227,9.651211738586426
21797,0.0,0.0008607895765624195,0.51406,4,12734230.0,24.325952529907227,6.233434200286865
21798,0.0,0.0008521816807967953,0.5140399999999999,2,14666696.0,24.06287384033203,4.256380081176758
21799,0.0,0.0008436598639888273,0.5140199999999999,2,32249928.0,23.93299674987793,9.323585510253906
21800,0.0,0.000835223265348939,0.5139999999999999,2,11002912.0,23.77310562133789,6.786288261413574
21801,0.0,0.0008268710326954496,0.5139799999999999,2,103439784.0,23.70659637451172,8.08765983581543
21802,0.0,0.0008516771636763131,0.51396,5,53902360.0,23.75568962097168,5.2169389724731445
21803,0.0,0.0009198113367704182,0.5139399999999998,6,30270000.0,23.755687713623047,9.29129409790039
21804,0.0,0.0009474056768735308,0.5139199999999999,5,6872208.5,23.93754768371582,6.31213903427124
21805,0.0,0.0009189835065673248,0.5138999999999999,1,13665986.0,24.248884201049805,4.630276679992676
21806,0.0,0.000891414001370305,0.5138799999999999,1,629417.9375,24.599929809570312,8.65449047088623
21807,0.0,0.0009627271214799294,0.51386,6,51679620.0,24.813934326171875,5.484697341918945
21808,0.0,0.0010397452911983238,0.5138399999999999,6,27958072.0,24.901212692260742,6.2449798583984375
21809,0.0,0.001008552932462374,0.5138199999999999,1,9434880.0,24.941162109375,9.645523071289062
21810,0.0,0.001089237167059364,0.5137999999999999,6,40413448.0,25.009702682495117,6.4142680168151855
21811,0.0,0.001002098193694615,0.5137799999999999,0,2014428.125,25.0079288482666,0.7802117466926575
21812,0.0,0.001002098193694615,0.51376,3,34831208.0,25.07518768310547,5.969052791595459
21813,0.0,0.0010822660491901842,0.5137399999999999,6,15915719.0,24.953388214111328,8.777793884277344
21814,0.0,0.001093088709682086,0.51372,4,6563265.0,24.8037166595459,9.30809211730957
21815,0.0,0.001180535806456653,0.5136999999999999,6,65038328.0,24.72024917602539,4.825687885284424
21816,0.0,0.0012749786709731852,0.5136799999999999,6,9213111.0,24.61431312561035,3.5265393257141113
21817,0.0,0.00137697696465104,0.5136599999999999,6,8132170.5,24.567367553710938,4.26184606552124
21818,0.0,0.0012668188074789568,0.5136399999999999,0,551410.125,24.475120544433594,7.604863166809082
21819,0.0,0.0013048233717033255,0.51362,5,25874480.0,24.44624900817871,10.545589447021484
21820,0.0,0.0013178716054203588,0.5136,4,2224489.5,24.32012939453125,5.3288702964782715
21821,0.0,0.0013178716054203588,0.5135799999999999,3,5200920.5,24.296062469482422,6.799062252044678
21822,0.0,0.0013574077535829696,0.5135599999999999,5,9497849.0,24.244848251342773,7.703204154968262
21823,0.0,0.00134383367604714,0.5135399999999999,2,14884631.0,24.126218795776367,12.650518417358398
21824,0.0,0.001384148686328554,0.51352,5,43403568.0,24.1413516998291,4.670948505401611
21825,0.0,0.0013703071994652686,0.5134999999999998,2,1810395.375,24.18669319152832,4.480021953582764
21826,0.0,0.0013566041274706158,0.5134799999999999,2,4178475.75,24.211111068725586,10.491374969482422
21827,0.0,0.0014651324576682651,0.5134599999999999,6,30019404.0,24.189987182617188,7.922217845916748
21828,0.0,0.001347921861054804,0.5134399999999999,0,553649792.0,24.163982391357422,6.14594030380249
21829,0.0,0.0014557556099391885,0.51342,6,19320244.0,24.161785125732422,6.865348815917969
21830,0.0,0.0015722160587343238,0.5133999999999999,6,2891580.0,24.104358673095703,6.66580057144165
21831,0.0,0.0016979933434330698,0.51338,6,1174386.875,24.126686096191406,8.992721557617188
21832,0.0,0.0016470535431300777,0.5133599999999999,1,11362615.0,24.139877319335938,4.76616096496582
21833,0.0,0.0015152892596796716,0.5133399999999999,0,47676468.0,24.146381378173828,10.512331008911133
21834,0.0,0.0016365124004540455,0.51332,6,6743893.0,24.185033798217773,6.565197944641113
21835,0.0,0.0017674333924903693,0.5132999999999999,6,19494862.0,24.173402786254883,6.846857070922852
21836,0.0,0.001908828063889599,0.51328,6,10346396.0,24.176366806030273,6.512030601501465
21837,0.0,0.002061534309000767,0.5132599999999999,6,1039727.1875,24.262042999267578,2.4334635734558105
21838,0.0,0.0022264570537208284,0.5132399999999999,6,3413767.5,24.2640323638916,12.127205848693848
21839,0.0,0.002048340489423162,0.5132199999999999,0,207080880.0,24.28199577331543,8.2313814163208
21840,0.0,0.0020278570845289304,0.5131999999999999,2,18684018.0,24.29244613647461,9.287402153015137
21841,0.0,0.002190085651291245,0.51318,6,6809913.0,24.176124572753906,10.938809394836426
21842,0.0,0.0023652925033945445,0.5131599999999998,6,6150966.0,24.085735321044922,5.062136650085449
21843,0.0,0.002176069103122981,0.5131399999999999,0,16336106.0,24.051115036010742,6.832706928253174
21844,0.0,0.0021543084120917515,0.5131199999999999,2,16987844.0,24.1291446685791,1.6984044313430786
21845,0.0,0.002132765327970834,0.5130999999999999,2,21834328.0,24.250003814697266,7.997471809387207
21846,0.0,0.0021114376746911257,0.51308,2,46881652.0,24.363140106201172,5.007408618927002
21847,0.0,0.0020480945444503918,0.5130599999999998,1,39081996.0,24.407005310058594,7.307544708251953
21848,0.0,0.0020480945444503918,0.5130399999999999,3,47569780.0,24.479820251464844,5.141903400421143
21849,0.0,0.002027613599005888,0.5130199999999999,2,13454920.0,24.578031539916992,3.976487159729004
21850,0.0,0.0020073374630158293,0.5129999999999999,2,4511696.5,24.61786651611328,7.276268482208252
21851,0.0,0.0020073374630158293,0.51298,3,10037758.0,24.721426010131836,1.8613892793655396
21852,0.0,0.0021679244600570956,0.5129599999999999,6,8714106.0,24.636676788330078,15.693809509277344
21853,0.0,0.0021679244600570956,0.51294,3,62521.19921875,24.558626174926758,5.5696187019348145
21854,0.0,0.0021679244600570956,0.5129199999999999,3,2824569.0,24.45717430114746,6.00555419921875
21855,0.0,0.0021679244600570956,0.5128999999999999,3,4212619.0,24.276004791259766,16.767518997192383
21856,0.0,0.001994490503252528,0.51288,0,51414504.0,24.093469619750977,7.925007343292236
21857,0.0,0.002014435408285053,0.5128599999999999,4,121875.375,23.98332977294922,5.331323623657227
21858,0.0,0.0020345797623679035,0.51284,4,8123261.0,24.12694549560547,4.668272495269775
21859,0.0,0.0020549255599915826,0.5128199999999999,4,7738123.5,24.3056697845459,3.19976544380188
21860,0.0,0.001993277793191835,0.5127999999999999,1,60407.16796875,24.482959747314453,8.77944278717041
21861,0.0,0.0020132105711237534,0.5127799999999999,4,23150352.0,24.595470428466797,5.4757890701293945
21862,0.0,0.002033342676834991,0.5127599999999999,4,7991006.5,24.675161361694336,10.330095291137695
21863,4856430.770000009,0.0006283168508777567,0.51274,6,305002.5625,24.394508361816406,3.908710479736328
21864,3519041.5600000108,0.0006471663564040894,0.5127199999999998,5,23005014.0,19.43630027770996,11.744625091552734
21865,3160021.570000011,0.0006406946928400485,0.5126999999999999,2,152300112.0,19.43169403076172,7.461036205291748
21866,0.0,0.00065991553362525,0.5126799999999999,5,2921209.25,19.424942016601562,5.96006965637207
21867,0.0,0.0006665146889615024,0.5126599999999999,4,24767872.0,19.417104721069336,12.859945297241211
21868,0.0,0.0006465192482926573,0.51264,1,2445058.0,23.583932876586914,2.707533359527588
21869,0.0,0.0006271236708438776,0.5126199999999999,1,1446365.25,22.145771026611328,8.522896766662598
21870,0.0,0.0006208524341354388,0.5126,2,200909792.0,22.84058952331543,11.98986530303955
21871,0.0,0.0006022268611113756,0.5125799999999999,1,6073550.5,24.36251449584961,6.705774307250977
21872,0.0,0.0005841600552780343,0.5125599999999999,1,389203104.0,23.799448013305664,12.282342910766602
21873,0.0,0.0005900016558308147,0.51254,4,89725432.0,24.190465927124023,7.130983829498291
21874,0.0,0.0005959016723891229,0.5125199999999999,4,57286336.0,24.249780654907227,6.637121200561523
21875,0.0,0.0006435738061802528,0.5125,6,215964864.0,24.269271850585938,11.414243698120117
21876,0.0,0.0006500095442420553,0.5124799999999999,4,46733256.0,24.139537811279297,7.960607528686523
21877,0.0,0.0006435094487996347,0.5124599999999999,2,21801384.0,24.31761360168457,6.702915191650391
21878,0.0,0.0006435094487996347,0.5124399999999999,3,205152976.0,24.57442855834961,4.363595008850098
21879,0.0,0.0006435094487996347,0.5124199999999999,3,2933422.75,24.601327896118164,6.332904815673828
21880,0.0,0.0006628147322636238,0.5124,5,3659597.0,24.704275131225586,7.1565351486206055
21881,0.0,0.000609789553682534,0.51238,0,53783436.0,24.71080207824707,6.762882709503174
21882,0.0,0.00062808324029301,0.5123599999999999,5,28980800.0,25.035587310791016,7.421555042266846
21883,0.0,0.0006469257375018003,0.5123399999999999,5,14527264.0,24.77666664123535,7.955544948577881
21884,0.0,0.0006663335096268544,0.5123199999999999,5,4182210.25,24.763566970825195,8.97801399230957
21885,0.0,0.00068632351491566,0.5123,5,8296466.0,24.685443878173828,6.412769317626953
21886,0.0,0.00068632351491566,0.5122799999999998,3,2464858.0,24.482301712036133,13.336734771728516
21887,0.0,0.0006931867500648166,0.5122599999999999,4,209212976.0,24.362743377685547,5.107797145843506
21888,0.0,0.0007139823525667611,0.5122399999999999,5,8746521.0,24.25761604309082,3.244793176651001
21889,0.0,0.0007068425290410934,0.5122199999999999,2,15017603.0,24.199838638305664,6.76498556137085
21890,0.0,0.0007280478049123262,0.5122,5,1273551.375,24.349355697631836,3.462118148803711
21891,0.0,0.0006698039805193402,0.5121799999999999,0,9198933.0,24.29245376586914,5.863073825836182
21892,0.0,0.0006898980999349204,0.51216,5,7520964.0,24.591964721679688,4.406736373901367
21893,0.0,0.0006898980999349204,0.5121399999999999,3,8621246.0,24.621082305908203,1.5174638032913208
21894,0.0,0.0006829991189355711,0.5121199999999999,2,1478153.125,24.87447738647461,4.305413246154785
21895,0.0,0.0006761691277462154,0.5121,2,1712694.375,24.971370697021484,10.038774490356445
21896,0.0,0.0007302626579659127,0.5120799999999999,6,372805920.0,24.860027313232422,14.746051788330078
21897,0.0,0.0007302626579659127,0.51206,3,162837456.0,24.707347869873047,4.869638442993164
21898,0.0,0.0007375652845455718,0.5120399999999999,4,10343707.0,24.670602798461914,2.9805359840393066
21899,0.0,0.0007965705073092177,0.5120199999999999,6,28396792.0,24.645450592041016,2.7597150802612305
21900,0.0,0.0007726733920899411,0.5119999999999999,1,366178048.0,24.602935791015625,9.925475120544434
21901,0.0,0.0007958535938526394,0.5119799999999999,5,110531664.0,24.490615844726562,13.176722526550293
21902,0.0,0.0007958535938526394,0.51196,3,4324139.0,24.451181411743164,3.251978874206543
21903,0.0,0.0008038121297911658,0.5119399999999998,4,8007104.0,24.516063690185547,2.4257559776306152
21904,0.0,0.0008681171001744591,0.5119199999999999,6,10342338.0,24.520246505737305,8.954469680786133
21905,0.0,0.0009375664681884159,0.5118999999999999,6,14737019.0,24.527196884155273,6.440798282623291
21906,0.0,0.0009094394741427634,0.5118799999999999,1,6207747.5,24.411808013916016,11.34704303741455
21907,0.0,0.0009821946320741845,0.51186,6,13542660.0,24.284019470214844,10.05927848815918
21908,0.0,0.0010607702026401193,0.5118399999999999,6,1182713.875,24.19580078125,5.375128746032715
21909,0.0,0.0011456318188513288,0.5118199999999999,6,2608200.5,24.113483428955078,11.769390106201172
21910,0.0,0.0012372823643594351,0.5117999999999999,6,9254953.0,24.064258575439453,6.507992267608643
21911,0.0,0.00133626495350819,0.5117799999999999,6,111622584.0,24.082361221313477,6.755603313446045
21912,0.0,0.00133626495350819,0.51176,3,239943472.0,24.100297927856445,12.046142578125
21913,0.0,0.0012293637572275348,0.5117399999999999,0,32226.78515625,24.203140258789062,4.838138580322266
21914,0.0,0.0012416573947998102,0.51172,4,752987.875,24.2949275970459,5.279190540313721
21915,0.0,0.0012789071166438046,0.5116999999999999,5,9235201.0,24.369783401489258,6.793781280517578
21916,0.0,0.0011765945473123003,0.5116799999999999,0,28124002.0,24.496410369873047,6.730986595153809
21917,0.0,0.0011883604927854232,0.5116599999999999,4,46348712.0,24.6097412109375,9.382974624633789
21918,0.0,0.001224011307568986,0.5116399999999999,5,8909841.0,24.673416137695312,5.20651912689209
21919,0.0,0.0012117711944932962,0.51162,2,3724809.5,24.662132263183594,5.591162204742432
21920,0.0,0.00130871289005276,0.5115999999999999,6,2213742.25,24.608808517456055,5.667541027069092
21921,0.0,0.0012956257611522325,0.5115799999999999,2,921731.8125,24.525876998901367,4.546415328979492
21922,0.0,0.0012956257611522325,0.5115599999999999,3,69291856.0,24.511781692504883,7.016916751861572
21923,0.0,0.0012956257611522325,0.5115399999999999,3,182920384.0,24.471708297729492,7.931603908538818
21924,0.0,0.0012956257611522325,0.51152,3,4084438.5,24.509084701538086,1.7016828060150146
21925,0.0,0.001191975700260054,0.5114999999999998,0,384058496.0,24.609996795654297,3.746988296508789
21926,0.0,0.001191975700260054,0.5114799999999999,3,1184171.0,24.633943557739258,9.898309707641602
21927,0.0,0.001191975700260054,0.5114599999999999,3,91626096.0,24.624887466430664,5.236525535583496
21928,0.0,0.001191975700260054,0.5114399999999999,3,18710134.0,24.625186920166016,5.989152431488037
21929,0.0,0.001191975700260054,0.51142,3,189098864.0,24.591665267944336,8.481733322143555
21930,0.0,0.001191975700260054,0.5113999999999999,3,14782411.0,24.560020446777344,3.869431972503662
21931,0.0,0.001191975700260054,0.51138,3,963007.125,24.486440658569336,6.772351264953613
21932,0.0,0.0010966176442392497,0.5113599999999999,0,6872429.5,24.427555084228516,5.3164143562316895
21933,0.0,0.0011843470557783898,0.5113399999999999,6,240739.71875,24.30384635925293,12.899435997009277
21934,0.0,0.0012198774674517414,0.51132,5,4469414.0,24.164234161376953,8.552581787109375
21935,0.0,0.0012564737914752936,0.5112999999999999,5,1365029.75,24.134174346923828,5.137645244598389
21936,0.0,0.0012564737914752936,0.51128,3,37434532.0,24.031225204467773,10.266550064086914
21937,0.0,0.0012439090535605406,0.5112599999999999,2,54886996.0,23.93549156188965,9.541175842285156
21938,0.0,0.0012314699630249352,0.5112399999999999,2,1179042.75,23.82958221435547,11.568703651428223
21939,0.0,0.0012437846626551846,0.5112199999999999,4,22719322.0,23.749420166015625,9.536256790161133
21940,0.0,0.0012562225092817363,0.5111999999999999,4,1359352.25,23.776721954345703,5.618579387664795
21941,0.0,0.0012436602841889189,0.51118,2,11297505.0,23.821619033813477,10.357076644897461
21942,0.0,0.0013431531069240325,0.5111599999999998,6,149002496.0,24.015581130981445,2.9928460121154785
21943,0.0,0.0013834477001317535,0.5111399999999999,5,88512920.0,24.3114013671875,3.649510145187378
21944,0.0,0.0014941235161422938,0.5111199999999999,6,12758180.0,24.569501876831055,6.120878219604492
21945,0.0,0.0013745936348509105,0.5110999999999999,0,10444404.0,24.81850814819336,6.312250137329102
21946,0.0,0.0014158314438964378,0.51108,5,325969344.0,24.865419387817383,11.702543258666992
21947,0.0,0.0013733565005795447,0.5110599999999998,1,17814518.0,25.06996726989746,3.322563648223877
21948,0.0,0.0013596229355737491,0.5110399999999999,2,145732080.0,25.131622314453125,4.304583549499512
21949,0.0,0.0013732191649294867,0.5110199999999999,4,13287754.0,25.136341094970703,8.983942985534668
21950,0.0,0.0014830766981238457,0.5109999999999999,6,28849.2578125,25.047901153564453,10.357531547546387
21951,0.0,0.0014979074651050841,0.51098,4,68619832.0,24.921762466430664,4.862241268157959
21952,0.0,0.001617740062313491,0.5109599999999999,6,76324992.0,24.637142181396484,13.03836441040039
21953,0.0,0.001633917462936626,0.51094,4,38934648.0,24.120153427124023,5.523889064788818
21954,6477457.080000002,0.0006448220733580557,0.5109199999999999,6,10469547.0,23.61981773376465,8.460466384887695
21955,4479734.75,0.0006964078392267002,0.5108999999999999,6,187315904.0,19.317319869995117,9.82820987701416
21956,2800763.98,0.0007521204663648363,0.51088,6,9796954.0,19.317493438720703,7.068078994750977
21957,1942432.210000001,0.0007746840803557814,0.5108599999999999,5,92902216.0,19.31899642944336,6.043332576751709
21958,1419442.9100000006,0.0008366588067842439,0.51084,6,22029362.0,19.322465896606445,3.2857420444488525
21959,956317.2800000005,0.0008115590425807165,0.5108199999999999,1,76756304.0,19.32657814025879,3.600287437438965
21960,137158.34999999974,0.0008115590425807165,0.5107999999999999,3,33164530.0,19.329910278320312,4.477207660675049
21961,0.0,0.0008359058138581381,0.5107799999999999,5,64892.73046875,19.3350887298584,8.470206260681152
21962,0.0,0.0007690333487494871,0.5107599999999999,0,2509554.75,19.337820053100586,10.43707275390625
21963,0.0,0.0007459623482870025,0.51074,1,405855424.0,24.332481384277344,8.016441345214844
21964,0.0,0.0007534219717698726,0.5107199999999998,4,5217893.0,25.245403289794922,2.2377045154571533
21965,0.0,0.0006931482140282828,0.5106999999999999,0,611537.1875,24.79448890686035,9.208349227905273
21966,0.0,0.0007000796961685657,0.5106799999999999,4,11910914.0,25.049758911132812,6.3151960372924805
21967,0.0,0.0007560860718620509,0.5106599999999999,6,5395286.0,24.570064544677734,5.626045227050781
21968,0.0,0.0007485252111434304,0.51064,2,4528204.5,24.28275489807129,4.961495399475098
21969,0.0,0.0006886431942519561,0.5106199999999999,0,58152660.0,24.58716583251953,7.554944038391113
21970,0.0,0.0007093024900795147,0.5105999999999999,5,25177178.0,24.749221801757812,4.03930139541626
21971,0.0,0.0007022094651787195,0.5105799999999999,2,70253016.0,24.23504066467285,6.741134166717529
21972,0.0,0.0006951873705269323,0.5105599999999999,2,497322.5,24.425331115722656,6.757643699645996
21973,0.0,0.000688235496821663,0.51054,2,28626040.0,24.38616943359375,8.46981430053711
21974,0.0,0.0007088825617263129,0.5105199999999999,5,149373.765625,24.436498641967773,2.4435129165649414
21975,0.0,0.0007159713873435761,0.5105,4,5444220.0,24.380615234375,4.695326328277588
21976,0.0,0.0007231311012170119,0.5104799999999999,4,11570092.0,24.533103942871094,5.6039228439331055
21977,0.0,0.000730362412229182,0.5104599999999999,4,47124428.0,24.539915084838867,10.13685417175293
21978,0.0,0.0007230587881068902,0.5104399999999999,2,196721760.0,24.533184051513672,4.880217552185059
21979,0.0,0.0007302893759879592,0.5104199999999999,4,81900648.0,24.538768768310547,6.206317901611328
21980,0.0,0.0007521980572675979,0.5104,5,8593752.0,24.340167999267578,6.247373104095459
21981,0.0,0.0007747639989856259,0.51038,5,7932639.5,24.2082576751709,7.616534233093262
21982,0.0,0.0007980069189551947,0.5103599999999999,5,183279984.0,24.08994483947754,9.58029842376709
21983,0.0,0.0008219471265238506,0.5103399999999999,5,4961509.5,23.970735549926758,10.277488708496094
21984,0.0,0.0008219471265238506,0.5103199999999999,3,139965776.0,23.877403259277344,10.741189956665039
21985,0.0,0.0008466055403195662,0.5103,5,199515440.0,23.956497192382812,6.009892463684082
21986,0.0,0.0008550715957227618,0.5102799999999998,4,44913508.0,24.02776336669922,5.382486820220947
21987,0.0,0.0008807237435944447,0.5102599999999999,5,213890576.0,24.237123489379883,8.175899505615234
21988,0.0,0.0008895309810303892,0.5102399999999999,4,187384960.0,24.397415161132812,7.733847618103027
21989,0.0,0.0009606934595128205,0.5102199999999999,6,847016.5625,24.616912841796875,4.657814025878906
21990,0.0,0.0009510865249176923,0.5102,2,6349653.5,24.841110229492188,3.646146297454834
21991,0.0,0.0010271734469111077,0.5101799999999999,6,12289751.0,25.00746726989746,5.638504981994629
21992,0.0,0.0009963582435037744,0.51016,1,3583616.75,25.11770248413086,5.33021354675293
21993,0.0,0.001006321825938812,0.5101399999999999,4,1196712.5,25.148784637451172,6.214565277099609
21994,0.0,0.0009761321711606476,0.5101199999999999,1,352365440.0,25.12769889831543,2.4406752586364746
21995,0.0,0.0009468482060258282,0.5101,1,426109.8125,25.022884368896484,9.921940803527832
21996,0.0,0.0009563166880860864,0.5100799999999999,4,201409088.0,24.849925994873047,5.485903263092041
21997,0.0,0.0009467535212052255,0.51006,2,2250869.0,24.723047256469727,2.4137656688690186
21998,0.0,0.0009372859859931732,0.5100399999999999,2,7312449.0,24.613262176513672,3.5845792293548584
21999,0.0,0.0009372859859931732,0.5100199999999999,3,6137690.0,24.48499870300293,4.441310405731201
22000,0.0,0.0009279131261332415,0.5099999999999999,2,37575928.0,24.330223083496094,7.259361267089844
22001,0.0,0.0009186339948719091,0.5099799999999999,2,7326348.5,24.252582550048828,5.064085006713867
22002,0.0,0.0009461930147180664,0.50996,5,10722484.0,24.201234817504883,5.710485935211182
22003,0.0,0.0010218884558955118,0.5099399999999998,6,30210866.0,24.14305305480957,9.349019050598145
22004,0.0,0.0010116695713365566,0.5099199999999999,2,13909123.0,24.17784309387207,4.493415355682373
22005,0.0,0.0010217862670499221,0.5098999999999999,4,6399763.0,24.239517211914062,6.319402694702148
22006,0.0,0.001011568404379423,0.5098799999999999,2,2658033.0,24.306041717529297,5.540731906890869
22007,0.0,0.0010014527203356287,0.50986,2,175299440.0,24.3861083984375,7.553326606750488
22008,0.0,0.0010314963019456976,0.5098399999999998,5,7358956.5,24.496807098388672,8.36743450164795
22009,0.0,0.0010314963019456976,0.5098199999999999,3,8367808.5,24.59549903869629,5.765429496765137
22010,0.0,0.0010314963019456976,0.5097999999999999,3,819655.0,24.668004989624023,5.673576354980469
22011,0.0,0.0010314963019456976,0.5097799999999999,3,2753545.5,24.680194854736328,8.606947898864746
22012,0.0,0.0010314963019456976,0.50976,3,254039440.0,24.724525451660156,2.946685314178467
22013,0.0,0.0010314963019456976,0.5097399999999999,3,46577200.0,24.79391860961914,1.5892038345336914
22014,0.0,0.0010314963019456976,0.50972,3,6598847.0,24.718095779418945,11.185796737670898
22015,0.0,0.0010418112649651545,0.5096999999999999,4,25651634.0,24.57928466796875,7.553400039672852
22016,0.0,0.001125156166162367,0.5096799999999999,6,979431.875,24.462303161621094,3.31640625
22017,0.0,0.0011364077278239908,0.50966,4,9190521.0,24.342754364013672,5.252999305725098
22018,0.0,0.0011477718051022307,0.5096399999999999,4,33960216.0,24.1934757232666,6.3100080490112305
22019,0.0,0.0012395935495104092,0.50962,6,417869792.0,24.12425994873047,4.771076679229736
22020,0.0,0.0011404260655495766,0.5095999999999999,0,135204656.0,24.04330062866211,10.891830444335938
22021,0.0,0.0010491919803056104,0.5095799999999999,0,1122020.25,23.998449325561523,2.877031087875366
22022,0.0,0.0009652566218811616,0.5095599999999999,0,12193364.0,23.828840255737305,13.301422119140625
22023,0.0,0.00095560405566235,0.5095399999999999,2,510657.875,23.64177894592285,13.631659507751465
22024,0.0,0.0008791557312093621,0.50952,0,3451964.75,23.584253311157227,8.617666244506836
22025,0.0,0.0008791557312093621,0.5094999999999998,3,29720054.0,23.542200088500977,6.54484748840332
22026,0.0,0.0008088232727126132,0.5094799999999999,0,568458.4375,23.72431755065918,6.3421478271484375
22027,0.0,0.0007441174108956042,0.5094599999999999,0,4708828.0,23.77197265625,12.571830749511719
22028,0.0,0.0008036468037672526,0.5094399999999999,6,12283656.0,23.942947387695312,7.138952732086182
22029,0.0,0.0007393550594658725,0.50942,0,111744816.0,24.301170349121094,5.3243489265441895
22030,0.0,0.0007171744076818963,0.5093999999999999,1,4803646.0,24.506256103515625,7.61165714263916
22031,0.0,0.0007100026636050773,0.5093799999999999,2,189183184.0,24.750041961669922,8.91973876953125
22032,0.0,0.0007171026902411281,0.5093599999999999,4,1600410.375,24.959402084350586,4.5706634521484375
22033,0.0,0.0006955896095338942,0.5093399999999999,1,2815511.75,25.19434928894043,3.746905565261841
22034,0.0,0.0006886337134385552,0.50932,2,166581952.0,25.16144561767578,8.6819486618042
22035,0.0,0.0006886337134385552,0.5092999999999999,3,2664620.0,25.176979064941406,6.435111999511719
22036,0.0,0.0006679747020353986,0.50928,1,34634184.0,24.985595703125,14.585708618164062
22037,0.0,0.0006679747020353986,0.5092599999999999,3,11490062.0,24.686418533325195,2.400533437728882
22038,0.0,0.0006746544490557526,0.5092399999999999,4,4055824.5,24.51616859436035,6.403491973876953
22039,0.0,0.0006814009935463101,0.5092199999999999,4,141635104.0,24.29155158996582,9.454863548278809
22040,0.0,0.0007018430233526994,0.5091999999999999,5,13930611.0,24.096099853515625,4.303947925567627
22041,0.0,0.0007088614535862264,0.50918,4,25648050.0,24.019662857055664,7.200320720672607
22042,0.0,0.0007159500681220886,0.50916,4,30675996.0,23.98601531982422,6.051237106323242
22043,0.0,0.0007087905674408678,0.5091399999999999,2,41974576.0,24.117534637451172,4.501689910888672
22044,0.0,0.0007158784731152764,0.5091199999999999,4,24759108.0,24.004934310913086,6.953891277313232
22045,0.0,0.0007230372578464292,0.5090999999999999,4,16716102.0,23.824308395385742,5.665947437286377
22046,0.0,0.0007230372578464292,0.50908,3,2244101.75,23.670045852661133,4.1937665939331055
22047,0.0,0.0007230372578464292,0.5090599999999998,3,185177952.0,23.509729385375977,4.885998725891113
22048,0.0,0.0007808802384741435,0.5090399999999999,6,32591424.0,23.192934036254883,7.263839244842529
22049,0.0,0.0007574538313199192,0.5090199999999999,1,130344.8984375,22.58757209777832,7.6976799964904785
22050,4734248.11,0.00059368819645326,0.5089999999999999,6,3489077.75,22.102977752685547,11.481673240661621
22051,3288228.8999999966,0.0006411832521695209,0.50898,6,25895874.0,19.25240707397461,12.343056678771973
22052,1965261.4999999972,0.0006604187497346065,0.5089599999999999,5,44037932.0,19.246427536010742,8.399737358093262
22053,1247705.239999998,0.000607585249755838,0.50894,0,36451396.0,19.242565155029297,1.9485893249511719
22054,0.0,0.0006015093972582796,0.5089199999999999,2,2758372.25,19.239459991455078,5.476820468902588
22055,0.0,0.000649630149038942,0.5088999999999999,6,2184429.5,19.23897933959961,7.119167327880859
22056,0.0,0.0006301412445677738,0.50888,1,20913552.0,22.82412338256836,10.227958679199219
22057,0.0,0.0006112370072307406,0.5088599999999999,1,2903317.75,22.445350646972656,6.410851001739502
22058,0.0,0.0006051246371584332,0.50884,2,14291615.0,23.33121681213379,4.599254608154297
22059,0.0,0.0005990733907868488,0.5088199999999999,2,8155061.5,24.293167114257812,5.663248062133789
22060,0.0,0.0005930826568789803,0.5087999999999999,2,125525336.0,24.51582145690918,2.68186616897583
22061,0.0,0.0006108751365853498,0.5087799999999999,5,96770.0546875,24.698326110839844,7.358200550079346
22062,0.0,0.0006108751365853498,0.5087599999999999,3,1104335.25,24.5571231842041,7.110116958618164
22063,0.0,0.0006597451475121778,0.50874,6,484349472.0,24.8768367767334,4.984497547149658
22064,0.0,0.0006663425989872996,0.5087199999999998,4,514471.46875,24.647640228271484,9.06290054321289
22065,0.0,0.0006596791729974266,0.5086999999999999,2,182989024.0,24.839557647705078,5.498327255249023
22066,0.0,0.0006069048391576325,0.5086799999999999,0,78299512.0,24.892690658569336,11.272363662719727
22067,0.0,0.0006129738875492089,0.5086599999999999,4,156120.59375,24.836265563964844,8.977627754211426
22068,0.0,0.0006129738875492089,0.50864,3,19691386.0,24.277372360229492,6.658074378967285
22069,0.0,0.0005639359765452722,0.5086199999999999,0,36787972.0,24.218246459960938,3.297847032546997
22070,0.0,0.000547017897248914,0.5085999999999999,1,351131776.0,24.430355072021484,3.339722156524658
22071,0.0,0.0005415477182764249,0.5085799999999999,2,3297160.5,24.160083770751953,16.73762321472168
22072,0.0,0.0004982239008143108,0.5085599999999999,0,24349970.0,24.045194625854492,2.794661045074463
22073,0.0,0.0004932416618061678,0.50854,2,7151042.0,24.33473777770996,4.896016597747803
22074,0.0,0.0005080389116603528,0.5085199999999999,5,30334422.0,24.288408279418945,7.597497940063477
22075,0.0,0.0005131193007769563,0.5085,4,130003.59375,24.365280151367188,1.806018590927124
22076,0.0,0.0005079881077691867,0.5084799999999999,2,134715552.0,24.670137405395508,2.3150429725646973
22077,0.0,0.0005029082266914948,0.5084599999999999,2,5111028.0,24.888471603393555,7.665549278259277
22078,0.0,0.0005179954734922397,0.5084399999999999,5,66003956.0,24.976741790771484,6.647963047027588
22079,0.0,0.0005335353376970069,0.5084199999999999,5,94562208.0,24.81963539123535,7.113786220550537
22080,0.0,0.0005762181647127675,0.5084,6,21423836.0,24.729591369628906,8.07209300994873
22081,0.0,0.0005935047096541506,0.5083799999999999,5,1369437.125,24.475223541259766,12.422921180725098
22082,0.0,0.0006409850864264827,0.5083599999999999,6,8632279.0,24.339841842651367,6.630268573760986
22083,0.0,0.0005897062795123641,0.5083399999999999,0,173748672.0,24.26963233947754,2.1019446849823
22084,0.0,0.0005720150911269931,0.5083199999999999,1,30128288.0,24.378265380859375,5.548248767852783
22085,0.0,0.0005891755438608029,0.5083,5,15430568.0,24.444095611572266,4.332706451416016
22086,0.0,0.0005891755438608029,0.5082799999999998,3,5373534.0,24.511951446533203,4.2274169921875
22087,0.0,0.0005891755438608029,0.5082599999999999,3,65372072.0,24.484407424926758,12.418598175048828
22088,0.0,0.0005950672992994109,0.5082399999999999,4,3376672.75,24.433212280273438,6.692494869232178
22089,0.0,0.0005950672992994109,0.5082199999999999,3,23056370.0,24.38321304321289,7.401594638824463
22090,0.0,0.0006426726832433639,0.5082,6,9491481.0,24.37525177001953,5.377928733825684
22091,0.0,0.0006426726832433639,0.5081799999999999,3,315184640.0,24.420434951782227,4.71232795715332
22092,0.0,0.0006426726832433639,0.50816,3,339798144.0,24.54323387145996,4.706883430480957
22093,0.0,0.000694086497902833,0.5081399999999999,6,9567831.0,24.609338760375977,9.075997352600098
22094,0.0,0.000714909092839918,0.5081199999999999,5,1053787.0,24.652698516845703,5.908196449279785
22095,0.0,0.0007721018202671116,0.5081,6,2904783.75,24.71291732788086,70.85858154296875
22096,0.0,0.0008338699658884805,0.5080799999999999,6,4934287.0,24.70174217224121,9.371833801269531
22097,0.0,0.0008338699658884805,0.50806,3,141261120.0,24.63006591796875,8.658661842346191
22098,0.0,0.000900579563159559,0.5080399999999999,6,31725810.0,24.599185943603516,4.474620819091797
22099,0.0,0.0009726259282123238,0.5080199999999999,6,1645548.375,24.49354362487793,7.235256195068359
22100,0.0,0.0009434471503659541,0.5079999999999999,1,3657434.0,24.39902687072754,10.217589378356934
22101,0.0,0.0010189229223952305,0.5079799999999999,6,27310486.0,24.258405685424805,10.41567325592041
22102,0.0,0.001100436756186849,0.50796,6,115735736.0,24.135009765625,4.247469902038574
22103,0.0,0.0011114411237487176,0.50794,4,11329303.0,24.13501739501953,4.444389820098877
22104,0.0,0.001078097890036256,0.5079199999999999,1,33204728.0,24.171972274780273,7.860175609588623
22105,0.0,0.0011104408267373436,0.5078999999999999,5,10705862.0,24.21893310546875,5.816673278808594
22106,0.0,0.0011104408267373436,0.5078799999999999,3,61183680.0,24.27491569519043,3.222445487976074
22107,0.0,0.0010216055605983562,0.50786,0,5849801.0,24.36751365661621,7.275107383728027
22108,0.0,0.001052253727416307,0.5078399999999998,5,35124544.0,24.273719787597656,282.8542175292969
22109,0.0,0.0010627762646904701,0.5078199999999999,4,205316.78125,24.15410041809082,6.149286270141602
22110,0.0,0.0010946595526311843,0.5077999999999999,5,7210454.5,24.029232025146484,11.594433784484863
22111,0.0,0.0011274993392101198,0.5077799999999999,5,34216.10546875,23.964712142944336,7.5746564865112305
22112,0.0,0.0010936743590338161,0.50776,1,9286496.0,23.86380386352539,8.602720260620117
22113,0.0,0.0010061804103111108,0.5077399999999999,0,16418482.0,23.822158813476562,9.004280090332031
22114,0.0,0.0010866748431359997,0.50772,6,20299866.0,23.859106063842773,10.634305000305176
22115,0.0,0.0009997408556851198,0.5076999999999999,0,50371872.0,23.945524215698242,6.371620178222656
22116,0.0,0.0009897434471282686,0.5076799999999999,2,13497746.0,24.116247177124023,10.900134086608887
22117,0.0,0.0009105639713580071,0.50766,0,4284643.0,24.24979591369629,4.8542890548706055
22118,0.0,0.000901458331644427,0.5076399999999999,2,3694748.0,24.4088134765625,7.112892150878906
22119,0.0,0.0008744145816950942,0.50762,1,169316288.0,24.486539840698242,8.240647315979004
22120,0.0,0.0008656704358781433,0.5075999999999999,2,6138576.5,24.51104164123535,5.826396942138672
22121,0.0,0.0008743271402369248,0.5075799999999999,4,12637006.0,24.60207176208496,2.487773895263672
22122,0.0,0.0008830704116392941,0.5075599999999999,4,348755712.0,24.727375030517578,5.232329368591309
22123,0.0,0.000891901115755687,0.5075399999999999,4,962939.5,24.757930755615234,9.299722671508789
22124,0.0,0.0009008201269132439,0.50752,4,63172516.0,24.754886627197266,7.293346405029297
22125,0.0,0.0008918119256441114,0.5074999999999998,2,1624956.5,24.79302406311035,3.2172842025756836
22126,0.0,0.0008828938063876703,0.5074799999999999,2,13194178.0,24.739595413208008,7.009414196014404
22127,0.0,0.0008740648683237936,0.5074599999999999,2,1164895.75,24.66303253173828,5.998810291290283
22128,0.0,0.0008740648683237936,0.5074399999999999,3,356624352.0,24.59046173095703,9.738019943237305
22129,0.0,0.0008653242196405557,0.50742,2,4728624.0,24.570526123046875,4.7260026931762695
22130,0.0,0.0009345501572118002,0.5073999999999999,6,68831128.0,24.51134490966797,9.28152847290039
22131,0.0,0.0009345501572118002,0.5073799999999999,3,35418404.0,24.580984115600586,6.014655113220215
22132,0.0,0.0009625866619281543,0.5073599999999999,5,4399330.5,24.661617279052734,6.914116382598877
22133,0.0,0.0010395935948824067,0.5073399999999999,6,10198806.0,24.84889793395996,1.9606592655181885
22134,0.0,0.001070781402728879,0.50732,5,204536592.0,25.01836395263672,7.627663612365723
22135,0.0,0.0010814892167561676,0.5072999999999999,4,38150660.0,25.058595657348633,9.826688766479492
22136,0.0,0.0010923041089237293,0.50728,4,777842.375,24.962331771850586,9.998114585876465
22137,0.0,0.0011032271500129667,0.5072599999999999,4,6748198.5,24.82478904724121,11.62467098236084
22138,0.0,0.0011142594215130964,0.5072399999999999,4,1427730.125,24.65192413330078,7.946676731109619
22139,0.0,0.0010808316388677035,0.5072199999999999,1,24311160.0,24.29410171508789,9.078968048095703
22140,0.0,0.0010916399552563807,0.5071999999999999,4,5980306.5,23.69273567199707,10.611034393310547
22141,0.0,0.0011025563548089446,0.50718,4,8092099.5,23.044445037841797,11.173869132995605
22142,0.0,0.001091530791260855,0.5071599999999999,2,118146376.0,22.647123336791992,3.8410654067993164
22143,0.0,0.0011788532545617236,0.5071399999999999,6,9483688.0,22.374919891357422,5.544872283935547
22144,0.0,0.0012731615149266615,0.5071199999999999,6,7003594.5,21.876991271972656,15.550302505493164
22145,4630614.860000003,0.0007160469935390543,0.5070999999999999,6,488123.46875,21.366939544677734,11.314384460449219
22146,3702686.6000000024,0.0006587632340559301,0.50708,0,21716322.0,18.63903045654297,7.383883953094482
22147,3236552.0000000023,0.0007114642927804045,0.5070599999999998,6,378732.5,18.64322853088379,7.762019634246826
22148,2637151.2600000026,0.0007683814362028369,0.5070399999999999,6,16357467.0,18.647281646728516,3.817486047744751
22149,2113260.1400000025,0.0008298519510990639,0.5070199999999999,6,4039368.25,18.650516510009766,8.905503273010254
22150,955559.7200000039,0.0008547475096320359,0.5069999999999999,5,2027455.625,18.65430450439453,5.957408905029297
22151,779912.190000004,0.0008462000345357155,0.50698,2,17143536.0,18.65790367126465,5.080380439758301
22152,414870.9800000036,0.0008377380341903583,0.5069599999999999,2,7279002.5,18.660873413085938,5.992183208465576
22153,328688.5200000036,0.0008293606538484548,0.50694,2,36303252.0,18.66350555419922,12.756319999694824
22154,140413.5400000037,0.0007630118015405784,0.5069199999999999,0,9167655.0,18.668354034423828,5.951977729797363
22155,0.0,0.0007859021555867958,0.5068999999999999,5,5103923.5,18.673933029174805,3.0689406394958496
22156,0.0,0.0008094792202543998,0.50688,5,208461.015625,18.6777286529541,9.374777793884277
22157,0.0,0.0008013844280518558,0.5068599999999999,2,4915870.5,24.20331573486328,12.02861499786377
22158,0.0,0.0007933705837713372,0.50684,2,41536284.0,24.285612106323242,5.946125030517578
22159,0.0,0.0008568402304730443,0.5068199999999999,6,22614.560546875,24.069942474365234,12.177268981933594
22160,0.0,0.0008311350235588529,0.5067999999999999,1,3411779.5,23.507789611816406,9.334900856018066
22161,0.0,0.0008062009728520873,0.5067799999999999,1,4023903.5,23.763431549072266,5.557774543762207
22162,0.0,0.0007820149436665246,0.5067599999999999,1,110975840.0,23.6590518951416,6.773948669433594
22163,0.0,0.0007820149436665246,0.50674,3,92703864.0,23.629858016967773,8.10085678100586
22164,0.0,0.0008445761391598466,0.5067199999999998,6,98257776.0,23.509660720825195,10.469277381896973
22165,0.0,0.0009121422302926344,0.5066999999999999,6,405752.96875,23.476980209350586,8.681614875793457
22166,0.0,0.0009851136087160452,0.5066799999999999,6,67304488.0,23.566646575927734,9.167437553405762
22167,0.0,0.0010639226974133288,0.5066599999999999,6,10586643.0,23.75667381286621,4.5703125
22168,0.0,0.0010532834704391955,0.50664,2,196764176.0,23.97393798828125,7.11082124710083
22169,0.0,0.0010638163051435875,0.5066199999999998,4,11450438.0,24.243690490722656,8.720710754394531
22170,0.0,0.0010744544681950234,0.5065999999999999,4,2320421.0,24.318073272705078,5.916597366333008
22171,0.0,0.0010851990128769736,0.5065799999999999,4,4416307.0,24.498573303222656,3.42282772064209
22172,0.0,0.0010960510030057432,0.5065599999999999,4,36890848.0,24.635360717773438,6.523634910583496
22173,0.0,0.0011070115130358007,0.50654,4,21396526.0,24.4770565032959,12.864543914794922
22174,0.0,0.0011180816281661588,0.5065199999999999,4,4068243.75,24.200971603393555,9.443158149719238
22175,0.0,0.0011516240770111435,0.5065,5,333693792.0,23.872970581054688,10.439878463745117
22176,0.0,0.0011631403177812549,0.5064799999999999,4,58712520.0,23.6619930267334,7.926136493682861
22177,0.0,0.0010700890923587545,0.5064599999999999,0,497846.15625,23.540910720825195,10.51677131652832
22178,0.0,0.0010379864195879918,0.50644,1,9549305.0,23.40390968322754,12.938985824584961
22179,0.0,0.0010276065553921118,0.5064199999999999,2,14717038.0,23.48592758178711,8.73381233215332
22180,0.0,0.0010173304898381907,0.5064,2,350611008.0,23.805370330810547,7.678232669830322
22181,0.0,0.0010173304898381907,0.5063799999999999,3,3293067.25,24.066133499145508,12.227615356445312
22182,0.0,0.0010275037947365727,0.5063599999999999,4,56089268.0,24.365880966186523,11.2954683303833
22183,0.0,0.0010377788326839383,0.5063399999999999,4,14205657.0,24.589292526245117,7.92990255355835
22184,0.0,0.0009547565260692233,0.5063199999999999,0,79624504.0,24.803998947143555,6.089904308319092
22185,0.0,0.000945208960808531,0.5063,2,11182359.0,25.005245208740234,3.7464261054992676
22186,0.0,0.000945208960808531,0.5062799999999998,3,7996642.5,24.997447967529297,8.089569091796875
22187,0.0,0.000945208960808531,0.5062599999999999,3,133778.5625,24.78066635131836,14.02743911743164
22188,0.0,0.0009546610504166164,0.5062399999999999,4,15007601.0,24.49201202392578,9.827254295349121
22189,0.0,0.0009642076609207825,0.5062199999999999,4,6125494.0,24.197391510009766,6.83287239074707
22190,0.0,0.0009642076609207825,0.5062,3,134404.546875,23.946210861206055,8.491950035095215
22191,0.0,0.000935281431093159,0.5061799999999999,1,5276066.5,23.868377685546875,6.591476917266846
22192,0.0,0.000935281431093159,0.5061599999999999,3,18079570.0,23.76909828186035,11.89256477355957
22193,0.0,0.0008604589166057064,0.5061399999999999,0,56869608.0,23.750232696533203,9.130690574645996
22194,0.0,0.0008690635057717634,0.5061199999999999,4,2098464.25,23.877914428710938,5.139338970184326
22195,0.0,0.0008951354109449164,0.5061,5,16590909.0,24.126501083374023,8.746021270751953
22196,0.0,0.0009219894732732639,0.5060799999999999,5,231988432.0,24.378002166748047,10.038558006286621
22197,0.0,0.0009496491574714619,0.50606,5,4398335.5,24.569591522216797,9.163627624511719
22198,0.0,0.0009401526658967472,0.5060399999999999,2,8951328.0,24.719022750854492,6.462128162384033
22199,0.0,0.0009119480859198448,0.5060199999999999,1,6024385.5,24.766902923583984,10.747650146484375
22200,0.0,0.0009028286050606464,0.5059999999999999,2,1668611.875,24.750595092773438,6.275861740112305
22201,0.0,0.0009028286050606464,0.5059799999999999,3,224297312.0,24.668548583984375,8.504884719848633
22202,0.0,0.0009028286050606464,0.50596,3,85476.4765625,24.57286834716797,3.3557419776916504
22203,0.0,0.0008938003190100399,0.50594,2,196625184.0,24.58953285217285,2.0418241024017334
22204,0.0,0.0008222962934892367,0.5059199999999999,0,4279401.0,24.546157836914062,4.576981067657471
22205,0.0,0.0007565125900100978,0.5058999999999999,0,17321732.0,24.487762451171875,6.069432258605957
22206,0.0,0.0006959915828092901,0.5058799999999999,0,107125600.0,24.403406143188477,5.172499656677246
22207,0.0,0.0006403122561845469,0.50586,0,48243116.0,24.267484664916992,7.459610939025879
22208,0.0,0.0006211028884990105,0.5058399999999998,1,4782176.0,24.196435928344727,7.138570785522461
22209,0.0,0.0006707911195789314,0.5058199999999999,6,11467451.0,24.296518325805664,1.9004336595535278
22210,0.0,0.0006909148531662994,0.5057999999999999,5,859458.875,24.294034957885742,11.596086502075195
22211,0.0,0.0006356416649129955,0.5057799999999999,0,13939561.0,24.35194969177246,5.812688827514648
22212,0.0,0.0006864929981060351,0.50576,6,24062756.0,24.22975730895996,14.34205436706543
22213,0.0,0.0006796280681249748,0.5057399999999999,2,1378158.125,24.050785064697266,8.101887702941895
22214,0.0,0.0007339983135749728,0.50572,6,6122580.0,24.069198608398438,3.130309820175171
22215,0.0,0.0007927181786609707,0.5056999999999999,6,28346034.0,23.885520935058594,11.860467910766602
22216,0.0,0.0007927181786609707,0.5056799999999999,3,2001972.125,23.882694244384766,1.8762052059173584
22217,0.0,0.0008561356329538484,0.50566,6,3958100.5,23.982431411743164,8.894804000854492
22218,0.0,0.0008818197019424638,0.5056399999999999,5,3140793.5,24.14487648010254,6.333223819732666
22219,0.0,0.0009082742930007378,0.50562,5,39478324.0,24.34345054626465,8.965360641479492
22220,0.0,0.00093552252179076,0.5055999999999999,5,3029328.5,24.366960525512695,12.904715538024902
22221,0.0,0.0009448777470086676,0.5055799999999999,4,16340912.0,24.24702262878418,11.962224960327148
22222,0.0,0.0009732240794189277,0.5055599999999999,5,242153440.0,24.157007217407227,6.7983293533325195
22223,0.0,0.0009440273570363598,0.5055399999999999,1,185206976.0,24.08479881286621,7.865570068359375
22224,0.0,0.000915706536325269,0.50552,1,4968094.0,23.913612365722656,9.519407272338867
22225,0.0,0.0008882353402355109,0.5054999999999998,1,7643749.0,23.733779907226562,7.9654693603515625
22226,0.0,0.0008793529868331558,0.5054799999999999,2,6889562.5,23.616374969482422,5.836165904998779
22227,0.0,0.0009497012257798083,0.5054599999999999,6,4574511.5,23.499778747558594,12.47056770324707
22228,0.0,0.0009402042135220102,0.5054399999999999,2,22770966.0,23.591289520263672,7.924638748168945
22229,0.0,0.0009402042135220102,0.50542,3,12522662.0,23.7216854095459,10.156655311584473
22230,0.0,0.0009402042135220102,0.5053999999999998,3,106145784.0,24.019004821777344,4.617084980010986
22231,0.0,0.0009308021713867901,0.5053799999999999,2,55130712.0,24.348432540893555,7.39921760559082
22232,0.0,0.0009401101931006579,0.5053599999999999,4,332551136.0,24.63663101196289,6.04731559753418
22233,0.0,0.0009401101931006579,0.5053399999999999,3,106697544.0,24.94727325439453,5.761235237121582
22234,0.0,0.0009119068873076382,0.50532,1,42413760.0,25.145748138427734,5.014332294464111
22235,0.0,0.0009210259561807146,0.5052999999999999,4,26411084.0,24.9890079498291,7.292384624481201
22236,0.0,0.0009210259561807146,0.50528,3,193623.90625,24.55632781982422,16.163204193115234
22237,4168410.439999993,0.0005070879802828654,0.5052599999999999,6,6649766.0,18.92945671081543,6.240298271179199
22238,2417393.689999992,0.0005476550187054947,0.5052399999999999,6,418802.125,18.929616928100586,11.579244613647461
22239,1323419.8699999917,0.0005421784685184398,0.50522,2,49592556.0,18.92955207824707,6.3315110206604
22240,366036.82999999064,0.0005367566838332554,0.5051999999999999,2,5470155.0,18.930065155029297,4.127941608428955
22241,0.0,0.0005528593843482531,0.50518,5,346287648.0,18.932655334472656,3.0457823276519775
22242,0.0,0.0005583879781917357,0.5051599999999999,4,49691884.0,18.934585571289062,8.957488059997559
22243,0.0,0.0005751396175374877,0.5051399999999999,5,2378569.25,23.57088851928711,4.407416820526123
22244,0.0,0.0005923938060636124,0.5051199999999999,5,5815205.0,24.014484405517578,2.376586437225342
22245,0.0,0.0006101656202455208,0.5050999999999999,5,11768838.0,24.397720336914062,13.503704071044922
22246,0.0,0.0006284705888528865,0.50508,5,14250635.0,24.428390502929688,8.262019157409668
22247,0.0,0.0006221858829643576,0.5050599999999998,2,321818368.0,24.38440704345703,11.61561393737793
22248,0.0,0.0006719607536015063,0.5050399999999999,6,12252875.0,24.658550262451172,4.303625106811523
22249,0.0,0.0006921195762095515,0.5050199999999999,5,10231920.0,24.38220977783203,5.136494159698486
22250,0.0,0.000699040771971647,0.5049999999999999,4,326676640.0,24.524160385131836,5.3699541091918945
22251,0.0,0.0007200119951307965,0.50498,5,100416232.0,24.694393157958984,7.386491775512695
22252,0.0,0.0007272121150821044,0.5049599999999999,4,40626860.0,24.613525390625,11.35239028930664
22253,0.0,0.000669035145875536,0.5049399999999999,0,501341.8125,24.68274688720703,4.782418727874756
22254,0.0,0.000669035145875536,0.5049199999999999,3,535627.0,25.056106567382812,3.00819730758667
22255,0.0,0.000669035145875536,0.5048999999999999,3,42947564.0,24.674602508544922,7.136320114135742
22256,0.0,0.0006891062002518021,0.50488,5,174231472.0,24.576465606689453,3.98779034614563
22257,0.0,0.0007442346962719463,0.5048599999999999,6,3351181.0,24.43916893005371,3.6418604850769043
22258,0.0,0.0007442346962719463,0.50484,3,5335014.5,24.436716079711914,3.5616044998168945
22259,0.0,0.0007516770432346658,0.5048199999999999,4,2708624.25,24.637596130371094,1.355974793434143
22260,0.0,0.0007516770432346658,0.5047999999999999,3,14566903.0,24.5516357421875,9.853865623474121
22261,0.0,0.0007516770432346658,0.5047799999999999,3,6267351.0,24.394350051879883,11.785568237304688
22262,0.0,0.0007291267319376258,0.5047599999999999,1,177694304.0,24.16754722595215,5.833845138549805
22263,0.0,0.0007291267319376258,0.50474,3,76201888.0,24.175764083862305,2.0474398136138916
22264,0.0,0.0007364179992570021,0.50472,4,36415872.0,24.099605560302734,7.114630699157715
22265,0.0,0.0007364179992570021,0.5046999999999999,3,8822415.0,24.193927764892578,2.795497179031372
22266,0.0,0.0007364179992570021,0.5046799999999999,3,54644.50390625,24.300172805786133,10.99594497680664
22267,0.0,0.000729053819264432,0.5046599999999999,2,2841633.0,24.401060104370117,5.090554237365723
22268,0.0,0.0007363443574570763,0.50464,4,31941222.0,24.54856300354004,6.513750076293945
22269,0.0,0.0007584346881807886,0.5046199999999998,5,1514674.5,24.518869400024414,11.352898597717285
22270,0.0,0.0007811877288262123,0.5045999999999999,5,28419464.0,24.531871795654297,8.001351356506348
22271,0.0,0.0007577520969614259,0.5045799999999999,1,932110.6875,24.633441925048828,4.339340686798096
22272,0.0,0.0007804846598702687,0.5045599999999999,5,4601839.5,24.78700828552246,10.449658393859863
22273,0.0,0.0008038991996663768,0.50454,5,47543864.0,24.885915756225586,2.4160518646240234
22274,0.0,0.0007395872636930667,0.5045199999999999,0,2165224.0,24.89564323425293,7.006769180297852
22275,0.0,0.0007395872636930667,0.5045,3,12441942.0,24.900625228881836,4.42608642578125
22276,0.0,0.0006804202825976215,0.5044799999999999,0,18224250.0,24.938682556152344,2.744948387145996
22277,0.0,0.0006259866599898118,0.5044599999999999,0,2847252.5,25.025548934936523,3.0842535495758057
22278,0.0,0.0006259866599898118,0.50444,3,6897135.0,25.01880645751953,6.44868278503418
22279,0.0,0.0005759077271906268,0.5044199999999999,0,77653776.0,24.940128326416016,4.117827415466309
22280,0.0,0.0005298351090153767,0.5044,0,12702966.0,24.87519073486328,3.6460249423980713
22281,0.0,0.00048744830029414656,0.5043799999999999,0,5890259.0,24.867050170898438,3.1092236042022705
22282,0.0,0.00044845243627061486,0.5043599999999999,0,3334307.25,24.906105041503906,2.957951784133911
22283,0.0,0.000452936960633321,0.5043399999999999,4,66882072.0,24.777145385742188,10.14319133758545
22284,0.0,0.0004574663302396542,0.5043199999999999,4,60017.96484375,24.569164276123047,9.516407012939453
22285,0.0,0.00046204099354205076,0.5043,4,195259.984375,24.296628952026367,11.008951187133789
22286,0.0,0.0004759022233483123,0.5042799999999998,5,28897878.0,24.023456573486328,7.8967413902282715
22287,0.0,0.0004806612455817954,0.5042599999999999,4,15119.005859375,23.82309341430664,13.328472137451172
22288,0.0,0.00046624140821434156,0.5042399999999999,1,362245312.0,23.647865295410156,11.55963134765625
22289,0.0,0.00046624140821434156,0.5042199999999999,3,499255872.0,23.709270477294922,4.251725196838379
22290,0.0,0.00046624140821434156,0.5042,3,62393080.0,23.88502311706543,5.130274295806885
22291,0.0,0.0005035407208714889,0.5041799999999999,6,7392884.0,24.161510467529297,3.9483587741851807
22292,0.0,0.0005035407208714889,0.5041599999999999,3,3680883.5,24.43947982788086,7.35060977935791
22293,0.0,0.0004632574632017698,0.5041399999999999,0,2913713.5,24.675716400146484,7.053033828735352
22294,0.0,0.0005003180602579114,0.5041199999999999,6,371343808.0,24.84638023376465,4.8190178871154785
22295,0.0,0.0005403435050785444,0.5041,6,362105.3125,25.059892654418945,1.8912001848220825
22296,0.0,0.000534940070027759,0.5040799999999999,2,6949942.5,25.019512176513672,929.5494384765625
22297,0.0,0.0005188918679269262,0.50406,1,64622976.0,24.794635772705078,11.615443229675293
22298,0.0,0.0005137029492476569,0.5040399999999999,2,5276040.5,24.645809173583984,2.8816635608673096
22299,0.0,0.0005137029492476569,0.5040199999999999,3,5270029.0,24.51462173461914,5.513579368591309
22300,0.0,0.0005547991851874696,0.5039999999999999,6,1158884.75,24.427919387817383,3.6101458072662354
22301,0.0,0.0005381552096318454,0.5039799999999999,1,8761933.0,24.34178352355957,7.735576629638672
22302,0.0,0.0005381552096318454,0.50396,3,8045373.5,24.303003311157227,6.568167686462402
22303,0.0,0.0005812076264023931,0.5039399999999999,6,740697.0,24.346969604492188,5.688670635223389
22304,0.0,0.0005870197026664171,0.5039199999999999,4,92161128.0,24.39837074279785,3.1638810634613037
22305,0.0,0.0005811495056397529,0.5038999999999999,2,1956129.625,24.5395565032959,1.9891966581344604
22306,0.0,0.0005637150204705604,0.5038799999999999,1,848803.75,24.715003967285156,3.2066264152526855
22307,0.0,0.0005806264710846772,0.50386,5,70921544.0,24.893598556518555,4.101707458496094
22308,0.0,0.0005980452652172176,0.5038399999999998,5,4895917.0,24.958362579345703,8.261226654052734
22309,0.0,0.0006040257178693898,0.5038199999999999,4,3921288.0,24.992279052734375,1.9882596731185913
22310,0.0,0.0006221464894054715,0.5037999999999999,5,3893603.0,24.874317169189453,8.949787139892578
22311,0.0,0.0005723747702530338,0.5037799999999999,0,20909000.0,24.638181686401367,7.796917915344238
22312,0.0,0.0005723747702530338,0.50376,3,555620096.0,24.39960289001465,6.801541328430176
22313,0.0,0.0005265847886327911,0.5037399999999999,0,535079360.0,24.242937088012695,6.455719470977783
22314,0.0,0.00048445800554216786,0.50372,0,146919984.0,24.022279739379883,6.500492095947266
22315,0.0,0.0004989917457084329,0.5036999999999999,5,159644400.0,23.906824111938477,9.587422370910645
22316,0.0,0.0005139614980796858,0.5036799999999999,5,146668672.0,23.858848571777344,10.092142105102539
22317,0.0,0.0005550784179260607,0.50366,6,135221728.0,23.90509796142578,4.803156852722168
22318,0.0,0.0005495276337468001,0.5036399999999999,2,360495.6875,24.051210403442383,6.731661796569824
22319,0.0,0.0005055654230470561,0.50362,0,28669854.0,24.22146987915039,6.9486212730407715
22320,0.0,0.0005055654230470561,0.5035999999999999,3,5746051.5,24.274242401123047,9.216075897216797
22321,0.0,0.0005055654230470561,0.5035799999999999,3,9176594.0,24.534303665161133,5.672179698944092
22322,0.0,0.0005106210772775267,0.5035599999999999,4,31467476.0,24.739139556884766,5.536258220672607
22323,0.0,0.0005157272880503019,0.5035399999999999,4,24187398.0,24.9617862701416,4.723672389984131
22324,0.0,0.000520884560930805,0.50352,4,3912757.5,25.180116653442383,1.4067621231079102
22325,0.0,0.0005625553258052693,0.5034999999999998,6,5278717.5,25.338003158569336,4.870696067810059
22326,0.0,0.0005456786660311112,0.5034799999999999,1,52013568.0,25.395156860351562,5.595648288726807
22327,0.0,0.0005020243727486223,0.5034599999999999,0,29358938.0,25.093873977661133,4.688060283660889
22328,0.0,0.0005070446164761086,0.5034399999999999,4,12544199.0,24.651870727539062,8.62468147277832
22329,0.0,0.0005070446164761086,0.50342,3,9650231.0,24.173274993896484,2.3529040813446045
22330,0.0,0.0005070446164761086,0.5033999999999998,3,10223069.0,23.66781997680664,2.728426456451416
22331,0.0,0.0005070446164761086,0.5033799999999999,3,2429853.25,23.030546188354492,11.579338073730469
22332,2928391.669999987,0.0005215056567578107,0.5033599999999999,5,4528855.5,22.270137786865234,8.70072078704834
22333,2292264.8999999873,0.000537150826460545,0.5033399999999999,5,185926608.0,18.60293960571289,7.829710960388184
22334,709757.0199999884,0.000537150826460545,0.50332,3,366986400.0,18.60308837890625,9.130762100219727
22335,420802.3299999882,0.0005210363016667286,0.5032999999999999,1,4009126.5,18.60348892211914,7.737072944641113
22336,0.0,0.0005366673907167305,0.50328,5,275485.53125,18.605867385864258,6.517496585845947
22337,0.0,0.0005527674124382323,0.5032599999999999,5,5983840.5,18.609115600585938,8.855772018432617
22338,0.0,0.0005085460194431738,0.5032399999999999,0,373437888.0,23.400375366210938,9.734405517578125
22339,0.0,0.0005492297009986277,0.50322,6,14766473.0,21.643844604492188,11.280014991760254
22340,0.0,0.0005437374039886413,0.5031999999999999,2,6921318.5,23.94399642944336,11.718219757080078
22341,0.0,0.0005491747780285277,0.50318,4,87388320.0,24.409034729003906,4.614764213562012
22342,0.0,0.0005931087602708099,0.5031599999999999,6,16991506.0,24.48509979248047,3.744030237197876
22343,0.0,0.0005931087602708099,0.5031399999999999,3,2132874.25,24.506858825683594,5.9374189376831055
22344,0.0,0.000599039847873518,0.5031199999999999,4,358334048.0,24.7801456451416,13.999029159545898
22345,0.0,0.0005930494493947829,0.5030999999999999,2,9756984.0,24.7131404876709,5.6688432693481445
22346,0.0,0.000587118954900835,0.50308,2,1508542.375,24.895122528076172,5.764007091522217
22347,0.0,0.0005812477653518266,0.5030599999999998,2,12105019.0,24.844633102416992,7.077165126800537
22348,0.0,0.0005870602430053449,0.5030399999999999,4,194207008.0,24.771556854248047,5.536726951599121
22349,0.0,0.0005811896405752915,0.5030199999999999,2,465340.25,24.532150268554688,4.072620391845703
22350,0.0,0.0005753777441695386,0.5029999999999999,2,24122936.0,24.630470275878906,6.586720943450928
22351,0.0,0.0005811315216112339,0.50298,4,6168377.5,24.579166412353516,8.103849411010742
22352,0.0,0.0005346409998823352,0.5029599999999999,0,5050854.0,24.314844131469727,10.536092758178711
22353,0.0,0.0005774122798729221,0.5029399999999999,6,109434208.0,24.470012664794922,12.421049118041992
22354,0.0,0.0005312192974830883,0.5029199999999999,0,29393678.0,23.939359664916992,6.252816677093506
22355,0.0,0.0004887217536844413,0.5028999999999999,0,9452022.0,24.17617416381836,7.767645835876465
22356,0.0,0.000449624013389686,0.50288,0,88725400.0,24.17633819580078,6.624409198760986
22357,0.0,0.00041365409231851113,0.5028599999999999,0,3222921.0,24.26866912841797,3.668354034423828
22358,0.0,0.00042606371508806647,0.50284,5,154117168.0,24.393253326416016,6.009087085723877
22359,0.0,0.00046014881229511183,0.5028199999999999,6,138000704.0,24.39162826538086,5.292655944824219
22360,0.0,0.0004969607172787209,0.5027999999999999,6,41435704.0,24.57094383239746,6.103969097137451
22361,0.0,0.0004969607172787209,0.5027799999999999,3,10734291.0,24.82332420349121,3.1908884048461914
22362,0.0,0.0005367175746610186,0.5027599999999999,6,315698272.0,25.160194396972656,4.567470550537109
22363,0.0,0.0004937801686881371,0.50274,0,85761760.0,25.12045669555664,15.512236595153809
22364,0.0,0.0005085935737487812,0.50272,5,48118092.0,25.18392562866211,7.604069709777832
22365,0.0,0.0005136795094862691,0.5026999999999999,4,7025585.5,24.866455078125,9.883524894714355
22366,0.0,0.0005547738702451707,0.5026799999999999,6,9493850.0,24.672061920166016,5.718062400817871
22367,0.0,0.0005603216089476224,0.5026599999999999,4,39274468.0,24.50631332397461,4.188248157501221
22368,0.0,0.0005659248250370986,0.50264,4,17177516.0,24.44576644897461,4.374588966369629
22369,0.0,0.0005715840732874696,0.5026199999999998,4,1610981.125,24.432477951049805,5.1687140464782715
22370,0.0,0.0005658682325545949,0.5025999999999999,2,8723409.0,24.34904670715332,12.666162490844727
22371,0.0,0.0005828442795312328,0.5025799999999999,5,18325244.0,24.329608917236328,5.133795738220215
22372,0.0,0.0006294718218937315,0.5025599999999999,6,375219.5,24.305200576782227,6.209473609924316
22373,0.0,0.000579114076142233,0.50254,0,19425874.0,24.350996017456055,4.322572708129883
22374,0.0,0.0005849052169036553,0.5025199999999999,4,3971996.5,24.38966941833496,4.336195945739746
22375,0.0,0.0005907542690726919,0.5025,4,2654708.25,24.407516479492188,7.321260452270508
22376,0.0,0.0005730316410005111,0.5024799999999999,1,6645392.0,24.37021255493164,8.660186767578125
22377,0.0,0.0006188741722805521,0.5024599999999999,6,174773.4375,24.300334930419922,10.322626113891602
22378,0.0,0.0006003079471121355,0.50244,1,57439124.0,24.30666160583496,7.042914867401123
22379,0.0,0.0005822987086987714,0.5024199999999999,1,12233269.0,24.347869873046875,6.695758819580078
22380,0.0,0.0005648297474378082,0.5024,1,13589373.0,24.37372398376465,8.380790710449219
22381,0.0,0.000547884855014674,0.5023799999999999,1,1700244.125,24.343618392944336,9.17198657989502
22382,0.0,0.0005314483093642338,0.5023599999999999,1,203738624.0,24.33659553527832,5.920581817626953
22383,0.0,0.0005314483093642338,0.5023399999999999,3,14714975.0,24.319347381591797,9.123857498168945
22384,0.0,0.0004889324446150951,0.5023199999999999,0,26532754.0,24.325992584228516,9.859227180480957
22385,0.0,0.00044981784904588756,0.5023,0,168273696.0,24.34300994873047,8.38774299621582
22386,0.0,0.0004453196705554287,0.5022799999999998,2,484839.0,24.31368064880371,11.482040405273438
22387,0.0,0.0004586792606720916,0.5022599999999999,5,17823054.0,24.383987426757812,2.8137965202331543
22388,0.0,0.0004219849198183243,0.5022399999999999,0,4052849.0,24.43729591369629,7.202348709106445
22389,0.0,0.00038822612623285835,0.5022199999999999,0,11963989.0,24.415084838867188,7.379184246063232
22390,0.0,0.0003571680361342297,0.5022,0,7875890.0,24.49555206298828,2.20827317237854
22391,0.0,0.00032859459324349136,0.5021799999999998,0,40291024.0,24.58486557006836,5.757053375244141
22392,0.0,0.0003384524310407961,0.5021599999999999,5,3362708.5,24.69937515258789,6.524971008300781
22393,0.0,0.0003655286255240598,0.5021399999999999,6,948140.4375,24.858062744140625,8.123136520385742
22394,0.0,0.0003764944842897816,0.5021199999999999,5,659658.1875,24.976852416992188,1.4058961868286133
22395,0.0,0.0003727295394468838,0.5021,2,215604576.0,25.008241653442383,6.724510669708252
22396,0.0,0.0003839114256302903,0.5020799999999999,5,534816960.0,25.073253631591797,1.7137099504470825
22397,0.0,0.0003877505398865932,0.50206,4,24877330.0,25.095651626586914,6.877397060394287
22398,0.0,0.0003916280452854591,0.5020399999999999,4,6540553.0,25.033689498901367,4.856677055358887
22399,0.0,0.00038771176483260453,0.5020199999999999,2,21691440.0,24.99049949645996,4.556630611419678
22400,0.0,0.00039158888248093057,0.502,4,516106.09375,24.790910720825195,12.312352180480957
22401,0.0,0.0003955047713057399,0.5019799999999999,4,798394.375,24.611888885498047,3.4257559776306152
22402,0.0,0.0003994598190187973,0.50196,4,11164065.0,24.403276443481445,7.992155075073242
22403,0.0,0.0004314166045403011,0.5019399999999999,6,31371352.0,24.26169776916504,5.009866237640381
22404,0.0,0.00043573077058570414,0.5019199999999999,4,293180.84375,24.143274307250977,7.851285457611084
22405,0.0,0.00044880269370327526,0.5018999999999999,5,7549595.5,24.0837345123291,6.6033477783203125
22406,0.0,0.0004443146667662425,0.5018799999999999,2,4504175.5,24.18511390686035,2.5770227909088135
22407,0.0,0.0004443146667662425,0.50186,3,175086592.0,24.29349136352539,6.389630317687988
22408,0.0,0.0004087694934249431,0.5018399999999998,0,5227476.0,24.42430305480957,5.534909725189209
22409,0.0,0.00037606793395094767,0.5018199999999999,0,5928295.0,24.48065757751465,6.723790168762207
22410,0.0,0.0003873499719694761,0.5017999999999999,5,615126.0625,24.55743408203125,8.317193031311035
22411,0.0,0.0003757294728103918,0.5017799999999999,1,211416928.0,24.759063720703125,7.069732666015625
22412,0.0,0.0003456711149855605,0.50176,0,25938864.0,24.847332000732422,1.9559319019317627
22413,0.0,0.00037332480418440534,0.5017399999999999,6,20711540.0,24.92572021484375,7.0466742515563965
22414,0.0,0.00036212506005887316,0.5017199999999999,1,12164868.0,25.124698638916016,3.9597814083099365
22415,0.0,0.00035126130825710697,0.5016999999999999,1,103262152.0,25.075698852539062,2.8591299057006836
22416,0.0,0.0003793622129176756,0.5016799999999999,6,1307844.5,24.968955993652344,10.261744499206543
22417,0.0,0.00038315583504685234,0.50166,4,18013676.0,24.85216522216797,11.369322776794434
22418,0.0,0.0003793242766963838,0.5016399999999999,2,3306190.25,24.62567710876465,5.5279669761657715
22419,0.0,0.00036794454839549225,0.50162,1,19744496.0,24.43144989013672,3.4669783115386963
22420,0.0,0.00039738011226713165,0.5015999999999999,6,2333793.25,24.24747085571289,7.929629325866699
22421,0.0,0.000401353913389803,0.5015799999999999,4,333841536.0,24.088764190673828,6.283970355987549
22422,0.0,0.00039734037425590495,0.5015599999999999,2,8039767.5,23.62762451171875,12.618393898010254
22423,0.0,0.00040131377799846403,0.5015399999999999,4,32243878.0,23.162025451660156,6.542165756225586
22424,0.0,0.00040131377799846403,0.50152,3,44413100.0,22.77805519104004,6.422420501708984
22425,0.0,0.00039730064021847937,0.5015,2,3205521.75,22.468120574951172,3.531935930252075
22426,4961987.440000007,0.0005870786557510828,0.5014799999999999,5,195240272.0,22.084096908569336,5.475017547607422
22427,3560908.520000007,0.0005401123632909962,0.5014599999999999,0,3470490.25,18.76271629333496,6.5500807762146
22428,2321207.630000009,0.0005563157341897261,0.5014399999999999,5,7361488.5,18.76690673828125,10.792308807373047
22429,0.0,0.0005730052062154179,0.50142,5,4680955.5,18.770984649658203,2.7251389026641846
22430,0.0,0.0005672751541532637,0.5013999999999998,2,879591.5,18.775230407714844,11.684712409973145
22431,0.0,0.0005616024026117311,0.5013799999999999,2,23047740.0,23.044668197631836,3.1764450073242188
22432,0.0,0.0006065305948206696,0.5013599999999999,6,8963401.0,23.947479248046875,6.647108554840088
22433,0.0,0.0006550530424063232,0.5013399999999999,6,11261107.0,24.273372650146484,9.847801208496094
22434,0.0,0.00064850251198226,0.50132,2,15245712.0,24.308692932128906,9.781553268432617
22435,0.0,0.0006420174868624373,0.5012999999999999,2,177235312.0,24.469484329223633,9.181629180908203
22436,0.0,0.000635597311993813,0.50128,2,873797.3125,24.360925674438477,5.1773786544799805
22437,0.0,0.0006419532851137511,0.5012599999999999,4,1029983.25,24.2524471282959,8.832836151123047
22438,0.0,0.0006355337522626136,0.5012399999999999,2,77069672.0,24.021900177001953,6.158579349517822
22439,0.0,0.0006545997648304921,0.50122,5,8749917.0,24.218175888061523,5.415969371795654
22440,0.0,0.000661145762478797,0.5011999999999999,4,338607.75,23.998844146728516,6.360904216766357
22441,0.0,0.000680980135353161,0.50118,5,15967493.0,24.15736961364746,8.309938430786133
22442,0.0,0.0006741703339996294,0.5011599999999999,2,8443232.0,24.196762084960938,7.286366939544678
22443,0.0,0.0006539452239796405,0.5011399999999999,1,16654700.0,24.61859893798828,3.661189317703247
22444,0.0,0.000647405771739844,0.5011199999999999,2,589496.5625,24.87655258178711,5.9988112449646
22445,0.0,0.0006538798294572425,0.5010999999999999,4,17468854.0,24.947179794311523,6.535945415496826
22446,0.0,0.0006604186277518149,0.50108,4,23048096.0,24.877151489257812,6.311788082122803
22447,0.0,0.0007132521179719602,0.5010599999999998,6,58637408.0,24.951080322265625,2.5707507133483887
22448,0.0,0.0006561919485342034,0.5010399999999999,0,3362686.0,24.935302734375,4.830792427062988
22449,0.0,0.0007086873044169397,0.5010199999999999,6,4674341.5,25.206958770751953,5.435843467712402
22450,0.0,0.000729947923549448,0.5009999999999999,5,6813802.5,24.833044052124023,4.5383477210998535
22451,0.0,0.0007883437574334038,0.50098,6,55433136.0,24.663347244262695,11.018547058105469
22452,0.0,0.000811994070156406,0.5009599999999998,5,6096273.0,24.436717987060547,5.714827537536621
22453,0.0,0.0008201140108579701,0.5009399999999999,4,137852624.0,24.28411102294922,4.328498363494873
22454,0.0,0.0008447174311837092,0.5009199999999999,5,4314264.5,24.19264793395996,5.963870048522949
22455,0.0,0.0008447174311837092,0.5008999999999999,3,13233856.0,24.145538330078125,4.417740821838379
22456,0.0,0.0008447174311837092,0.50088,3,3171815.5,24.21567153930664,4.091860294342041
22457,0.0,0.0008362702568718721,0.5008599999999999,2,10981175.0,24.338703155517578,5.112885475158691
22458,0.0,0.0008279075543031534,0.50084,2,4184868.25,24.4890079498291,4.251717567443848
22459,0.0,0.0008196284787601219,0.5008199999999999,2,362953088.0,24.66051483154297,2.633652687072754
22460,0.0,0.0008196284787601219,0.5007999999999999,3,5308265.5,24.800518035888672,7.713181018829346
22461,0.0,0.0007950396243973182,0.5007799999999999,1,44084256.0,24.83428192138672,7.406386375427246
22462,0.0,0.0008586427943491037,0.5007599999999999,6,3244836.0,24.8031063079834,5.565718650817871
22463,0.0,0.0008328835105186306,0.50074,1,4606204.0,24.7781982421875,7.78270149230957
22464,0.0,0.0008078970052030716,0.5007199999999999,1,8760771.0,24.748950958251953,6.481176853179932
22465,0.0,0.0007836600950469794,0.5006999999999999,1,130027104.0,24.659456253051758,6.4189772605896
22466,0.0,0.0008463529026507379,0.5006799999999999,6,10334064.0,24.572643280029297,4.1828484535217285
22467,0.0,0.0008548164316772453,0.5006599999999999,4,14560853.0,24.569355010986328,3.9868340492248535
22468,0.0,0.0008291719387269279,0.50064,1,11532260.0,24.578899383544922,3.7836971282958984
22469,0.0,0.0008374636581141971,0.5006199999999998,4,2688995.5,24.58007049560547,5.921619892120361
22470,0.0,0.0008374636581141971,0.5005999999999999,3,6495819.0,24.63117218017578,6.356908798217773
22471,0.0,0.000904460750763333,0.5005799999999999,6,29479330.0,24.749000549316406,1.4996061325073242
22472,0.0,0.0008321038907022663,0.5005599999999999,0,23738226.0,24.90277671813965,5.622546672821045
22473,0.0,0.0008237828517952436,0.50054,2,30005986.0,25.001680374145508,6.936323642730713
22474,0.0,0.0008155450232772912,0.5005199999999999,2,19949972.0,25.074512481689453,5.4483232498168945
22475,0.0,0.00084001137397561,0.5005,5,11845075.0,25.061107635498047,6.046178340911865
22476,0.0,0.0009072122838936589,0.5004799999999999,6,8381846.5,24.952669143676758,8.557564735412598
22477,0.0,0.0008981401610547224,0.5004599999999999,2,2749510.75,24.896455764770508,3.9218833446502686
22478,0.0,0.0008711959562230807,0.50044,1,42630484.0,24.871620178222656,1.033400058746338
22479,0.0,0.0008799079157853115,0.5004199999999999,4,80991192.0,24.813127517700195,6.490472793579102
22480,0.0,0.0008887069949431646,0.5004,4,13145414.0,24.751632690429688,5.559138774871826
22481,0.0,0.0008620457850948696,0.5003799999999999,1,7916662.0,24.632902145385742,6.419004917144775
22482,0.0,0.0008361844115420236,0.5003599999999999,1,35151528.0,24.590900421142578,2.7591545581817627
22483,0.0,0.0008361844115420236,0.5003399999999999,3,40961796.0,24.586589813232422,3.8671860694885254
22484,0.0,0.0008110988791957629,0.5003199999999999,1,369953248.0,24.592363357543945,4.113098621368408
22485,0.0,0.0007867659128198899,0.5003,1,8952954.0,24.535995483398438,7.602954864501953
22486,0.0,0.0007631629354352932,0.5002799999999998,1,3818874.75,24.255294799804688,22.224796295166016
22487,0.0,0.0007402680473722344,0.5002599999999999,1,6119624.0,24.04743003845215,6.627674102783203
22488,0.0,0.0007180600059510673,0.5002399999999999,1,195086544.0,23.878849029541016,9.585224151611328
22489,0.0,0.0007180600059510673,0.5002199999999999,3,2765634.0,23.89067268371582,3.3119454383850098
22490,0.0,0.0006965182057725352,0.5002,1,5414517.5,23.977054595947266,8.111248016357422
22491,0.0,0.0006407967493107324,0.5001799999999998,0,3524311.25,24.125411987304688,5.915354251861572
22492,0.0,0.0005895330093658738,0.5001599999999999,0,333722720.0,24.36862564086914,4.329788684844971
22493,0.0,0.0005718470190848976,0.5001399999999999,1,9845816.0,24.58709144592285,7.4782257080078125
22494,0.0,0.0005661285488940486,0.5001199999999999,2,5041629.0,24.706390380859375,12.016535758972168
22495,0.0,0.0005831124053608701,0.5001,5,190806400.0,24.833093643188477,5.089707374572754
22496,0.0,0.000565619033200044,0.5000799999999999,1,356384064.0,24.882240295410156,7.425824165344238
22497,0.0,0.0005486504622040426,0.50006,1,622838.125,24.813379287719727,8.865068435668945
22498,0.0,0.0005321909483379213,0.5000399999999999,1,13934096.0,24.696640014648438,5.8431243896484375
22499,0.0,0.0005162252198877837,0.5000199999999999,1,27549324.0,24.614303588867188,2.6596765518188477
22500,0.0,0.0005007384632911502,0.49999999999999994,1,15095654.0,24.461641311645508,9.99229621887207
22501,0.0,0.00046067938622785815,0.4999799999999999,0,61718112.0,24.405155181884766,4.012568473815918
22502,0.0,0.00042382503532962954,0.4999599999999999,0,151081.59375,24.20742416381836,13.180709838867188
22503,0.0,0.0003899190325032592,0.49993999999999994,0,6185176.0,24.153417587280273,1.9622918367385864
22504,0.0,0.0003587255099029985,0.4999199999999999,0,1628451.375,24.1260929107666,4.12230110168457
22505,0.0,0.0003479637446059086,0.4998999999999999,1,72587616.0,24.17639923095703,6.742891788482666
22506,0.0,0.0003201266450374359,0.49987999999999994,0,606039.0625,24.251264572143555,9.458194732666016
22507,0.0,0.00032973044438855897,0.4998599999999999,5,57010660.0,24.246318817138672,8.85681438446045
22508,0.0,0.0003561088799396437,0.4998399999999999,6,165289904.0,24.43425178527832,7.077335834503174
22509,0.0,0.00035966996873904017,0.49981999999999993,4,18933164.0,24.601022720336914,5.702969551086426
22510,0.0,0.0003632666684264306,0.4997999999999999,4,1092377.0,24.802846908569336,1.851850152015686
22511,0.0,0.00039232800190054504,0.49977999999999995,6,79584616.0,25.001699447631836,5.592942237854004
22512,0.0,0.0003962512819195505,0.4997599999999999,4,13110314.0,25.317424774169922,2.157625436782837
22513,0.0,0.00040813882037713705,0.4997399999999999,5,337331008.0,25.526857376098633,5.962884426116943
22514,0.0,0.00041222020858090844,0.49971999999999994,4,527905.625,25.651126861572266,9.049935340881348
22515,0.0,0.00041634241066671753,0.4996999999999999,4,40092464.0,25.61872673034668,7.073204040527344
22516,0.0,0.0004205058347733847,0.4996799999999999,4,5930241.5,25.291080474853516,3.107196569442749
22517,4856430.770000009,0.0005875926105430873,0.49965999999999994,4,10714744.0,24.887208938598633,1.2580797672271729
22518,3423526.9400000107,0.0006052203888593799,0.4996399999999999,5,6127987.0,18.773487091064453,5.207340240478516
22519,3039261.980000011,0.0005568027577506295,0.4996199999999999,0,81313488.0,18.774625778198242,4.855366230010986
22520,0.0,0.0005735068404831485,0.49959999999999993,5,9855742.0,18.77671241760254,1.6043095588684082
22521,0.0,0.0005276262932444966,0.4995799999999999,0,49696804.0,18.77871322631836,7.595246315002441
22522,0.0,0.0004854161897849369,0.4995599999999999,0,16379404.0,21.234806060791016,1.5930802822113037
22523,0.0,0.000524249484967732,0.49953999999999993,6,4617108.0,21.846290588378906,15.897038459777832
22524,0.0,0.000524249484967732,0.4995199999999999,3,4980952.0,23.508411407470703,11.329010009765625
22525,0.0,0.0005661894437651505,0.49949999999999994,6,3271343.5,23.803455352783203,8.73771858215332
22526,0.0,0.000549203760452196,0.4994799999999999,1,798232.125,23.445280075073242,10.094366073608398
22527,0.0,0.0005052674596160203,0.4994599999999999,0,9294727.0,23.783796310424805,6.561149597167969
22528,0.0,0.00046484606284673865,0.49943999999999994,0,9598930.0,23.83107566833496,6.507845878601074
22529,0.0,0.0005020337478744778,0.4994199999999999,6,3371038.75,24.054763793945312,6.547920227050781
22530,0.0,0.000542196447704436,0.4993999999999999,6,41699608.0,23.818151473999023,11.970390319824219
22531,0.0,0.0005584623411355691,0.49937999999999994,5,3395048.5,23.960248947143555,7.564911365509033
22532,0.0,0.0005584623411355691,0.4993599999999999,3,73846568.0,24.153831481933594,9.03272819519043
22533,0.0,0.0005752162113696362,0.4993399999999999,5,15310931.0,24.322952270507812,13.54662799835205
22534,0.0,0.0005924726977107254,0.49931999999999993,5,71966376.0,24.133583068847656,9.198030471801758
22535,0.0,0.0005865479707336181,0.4992999999999999,2,351071712.0,24.21225357055664,1.2694929838180542
22536,0.0,0.0005689515316116096,0.49927999999999995,1,27784564.0,24.5936222076416,3.5207395553588867
22537,0.0,0.0005518829856632613,0.4992599999999999,1,397364.09375,24.809181213378906,7.020786285400391
22538,0.0,0.0005463641558066286,0.4992399999999999,2,1010285.6875,24.970394134521484,2.7775144577026367
22539,0.0,0.0005409005142485623,0.49921999999999994,2,3870110.75,24.896503448486328,12.282242774963379
22540,0.0,0.0005354915091060767,0.4991999999999999,2,7452712.0,24.923093795776367,2.595607280731201
22541,0.0,0.0005301365940150158,0.4991799999999999,2,216234128.0,24.95658302307129,6.332393646240234
22542,0.0,0.0004877256664938146,0.49915999999999994,0,21759984.0,24.960559844970703,8.032950401306152
22543,0.0,0.0004877256664938146,0.4991399999999999,3,3864494.5,24.946949005126953,8.525142669677734
22544,0.0,0.00044870761317430946,0.4991199999999999,0,4921249.0,24.660682678222656,7.183483123779297
22545,0.0,0.00044422053704256634,0.49909999999999993,2,21046070.0,24.577856063842773,7.659154415130615
22546,0.0,0.00044422053704256634,0.4990799999999999,3,13224574.0,24.42234992980957,3.7332959175109863
22547,0.0,0.00044422053704256634,0.4990599999999999,3,4764962.5,24.346420288085938,5.342683792114258
22548,0.0,0.0004086828940791611,0.49903999999999993,0,19905612.0,24.272005081176758,10.134472846984863
22549,0.0,0.00041276972301995267,0.4990199999999999,4,27397764.0,24.26241111755371,9.803313255310059
22550,0.0,0.0004457913008615489,0.49899999999999994,6,341871104.0,24.22311019897461,9.148250579833984
22551,0.0,0.0004814546049304729,0.4989799999999999,6,25196764.0,24.19852066040039,11.695304870605469
22552,0.0,0.0004670109667825587,0.4989599999999999,1,52575592.0,24.20401954650879,8.395423889160156
22553,0.0,0.0005043718441251634,0.49893999999999994,6,15240610.0,24.200042724609375,10.922447204589844
22554,0.0,0.0004993281256839118,0.4989199999999999,2,205690544.0,24.24614143371582,3.894578456878662
22555,0.0,0.0004993281256839118,0.4988999999999999,3,4462334.0,24.420352935791016,2.083460807800293
22556,0.0,0.0004993281256839118,0.49887999999999993,3,1141992.0,24.603281021118164,8.59980297088623
22557,0.0,0.0004993281256839118,0.4988599999999999,3,14702094.0,24.851009368896484,1.8841463327407837
22558,0.0,0.0005143079694544291,0.4988399999999999,5,27171842.0,24.921613693237305,12.382065773010254
22559,0.0,0.0005143079694544291,0.49881999999999993,3,9902747.0,24.900959014892578,7.170370101928711
22560,0.0,0.00047316333189807486,0.4987999999999999,0,10444027.0,24.742918014526367,12.815539360046387
22561,0.0,0.0004684316985790941,0.49877999999999995,2,12672576.0,24.594717025756836,5.67353630065918
22562,0.0,0.0004309571626927666,0.4987599999999999,0,876517.8125,24.472454071044922,7.419055938720703
22563,0.0,0.00039648058967734525,0.4987399999999999,0,8137791.0,24.349803924560547,5.275668144226074
22564,0.0,0.0003925157837805718,0.49871999999999994,2,3307686.0,24.18028450012207,10.473562240600586
22565,0.0,0.00036111452107812607,0.4986999999999999,0,150922288.0,24.103944778442383,5.418150901794434
22566,0.0,0.0003719479567104699,0.4986799999999999,5,16555649.0,24.07355499267578,6.15934419631958
22567,0.0,0.0003607895180091558,0.49865999999999994,1,2202611.0,24.109615325927734,11.466038703918457
22568,0.0,0.00033192635656842335,0.4986399999999999,0,27499142.0,24.1461181640625,7.883917331695557
22569,0.0,0.00034188414726547605,0.4986199999999999,5,11601232.0,24.248334884643555,6.3445258140563965
22570,0.0,0.00034188414726547605,0.49859999999999993,3,197958816.0,24.45301628112793,5.412778377532959
22571,0.0,0.0003384653057928213,0.4985799999999999,2,9828987.0,24.684814453125,7.084455490112305
22572,0.0,0.0003283113466190366,0.4985599999999999,1,683899648.0,24.897167205810547,4.61101770401001
22573,0.0,0.0003283113466190366,0.4985399999999999,3,13992574.0,25.042049407958984,4.047754764556885
22574,0.0,0.0003545762543485596,0.4985199999999999,6,2628849.5,25.0872802734375,8.574775695800781
22575,0.0,0.0003545762543485596,0.49849999999999994,3,5073085.0,25.088205337524414,3.290985584259033
22576,0.0,0.00034393896671810277,0.4984799999999999,1,500353.65625,24.878284454345703,13.183039665222168
22577,0.0,0.0003404995770509217,0.4984599999999999,2,64891640.0,24.632570266723633,6.63389253616333
22578,0.0,0.00036773954321499546,0.49843999999999994,6,221188.6875,24.387338638305664,8.828060150146484
22579,0.0,0.0003971587066721951,0.4984199999999999,6,37164636.0,24.170791625976562,8.135358810424805
22580,0.0,0.00042893140320597074,0.4983999999999999,6,13655045.0,24.01634979248047,5.112631320953369
22581,0.0,0.0004160634611097916,0.49837999999999993,1,6969015.0,23.9675350189209,5.637707233428955
22582,0.0,0.00044934853799857497,0.4983599999999999,6,11363132.0,24.011234283447266,5.543428421020508
22583,0.0,0.00045384202337856073,0.4983399999999999,4,14848331.0,24.114864349365234,6.303382396697998
22584,0.0,0.00045838044361234633,0.49831999999999993,4,22071.431640625,24.275728225708008,5.575879096984863
22585,0.0,0.0004629642480484698,0.4982999999999999,4,6016742.5,24.429744720458984,7.817364692687988
22586,0.0,0.00047685317548992387,0.49827999999999995,5,4898218.5,24.60470962524414,4.699898719787598
22587,0.0,0.00043870492145073,0.4982599999999999,0,4681052.0,24.753015518188477,6.182405948638916
22588,0.0,0.0004518660690942519,0.4982399999999999,5,25804708.0,24.988758087158203,2.0689547061920166
22589,0.0,0.0004654220511670795,0.49821999999999994,5,10343320.0,25.103471755981445,4.598503112792969
22590,0.0,0.00046076783065540866,0.4981999999999999,2,176507072.0,25.12421989440918,8.618159294128418
22591,0.0,0.0004469447957357464,0.4981799999999999,1,5034025.0,25.056537628173828,9.665143966674805
22592,0.0,0.00044247534777838894,0.49815999999999994,2,5472400.0,24.97344398498535,4.300159454345703
22593,0.0,0.00043805059430060503,0.4981399999999999,2,5581032.0,24.893430709838867,5.868777275085449
22594,0.0,0.00047309464184465346,0.4981199999999999,6,1435664.0,24.865116119384766,1.9962557554244995
22595,0.0,0.0004683636954262069,0.49809999999999993,2,121804720.0,24.890642166137695,3.6950607299804688
22596,0.0,0.00046368005847194485,0.4980799999999999,2,12503314.0,24.886249542236328,7.4170074462890625
22597,0.0,0.00046368005847194485,0.4980599999999999,3,681329408.0,24.890016555786133,2.8742592334747314
22598,0.0,0.00046368005847194485,0.4980399999999999,3,23780526.0,24.893522262573242,3.832226276397705
22599,0.0,0.00046368005847194485,0.4980199999999999,3,192050752.0,24.802263259887695,6.518958568572998
22600,0.0,0.0005007744631497005,0.49799999999999994,6,12775825.0,24.585962295532227,9.636000633239746
22601,0.0,0.0004607125060977245,0.4979799999999999,0,23440172.0,24.47702407836914,4.381717205047607
22602,0.0,0.0004607125060977245,0.4979599999999999,3,8504943.0,24.22300910949707,5.29943323135376
22603,0.0,0.00046531963115870175,0.49793999999999994,4,25464094.0,24.272096633911133,4.202962875366211
22604,0.0,0.0004699728274702888,0.4979199999999999,4,113568536.0,24.18122100830078,11.359636306762695
22605,0.0,0.0004699728274702888,0.4978999999999999,3,166675904.0,24.160558700561523,7.775247097015381
22606,0.0,0.0004746725557449917,0.49787999999999993,4,27339570.0,24.158775329589844,5.845694541931152
22607,0.0,0.000512646360204591,0.4978599999999999,6,10955486.0,24.016002655029297,3.6933367252349854
22608,6477457.080000002,0.0005492928773050104,0.4978399999999999,0,36298156.0,23.85100746154785,3.5362589359283447
22609,4118183.5799999954,0.0005053494471206095,0.49781999999999993,0,154320.1875,18.823217391967773,11.68035888671875
22610,1776733.5799999903,0.0005205099305342279,0.4977999999999999,5,4816242.0,18.824857711791992,6.4467668533325195
22611,523367.24999998976,0.0005361252284502547,0.49777999999999994,5,17326292.0,18.828516006469727,11.114762306213379
22612,0.0,0.0005790152467262752,0.4977599999999999,6,17781176.0,18.833097457885742,6.9541425704956055
22613,0.0,0.0005963857041280634,0.4977399999999999,5,248469.953125,18.835784912109375,8.442571640014648
22614,0.0,0.0006142772752519053,0.49771999999999994,5,32058876.0,23.60335922241211,5.20084810256958
22615,0.0,0.000565135093231753,0.4976999999999999,0,13367540.0,23.965869903564453,3.072645425796509
22616,0.0,0.0006103459006902933,0.4976799999999999,6,1691117.0,23.663043975830078,6.947998523712158
22617,0.0,0.0006042424416833903,0.49765999999999994,2,4789188.0,24.258411407470703,9.259323120117188
22618,0.0,0.0005982000172665565,0.4976399999999999,2,7786961.0,24.512367248535156,10.514264106750488
22619,0.0,0.0005982000172665565,0.4976199999999999,3,27049324.0,24.458171844482422,6.895332336425781
22620,0.0,0.0005922180170938909,0.49759999999999993,2,646566.375,24.263652801513672,11.3656587600708
22621,0.0,0.000586295836922952,0.4975799999999999,2,2873053.25,24.19137191772461,10.575831413269043
22622,0.0,0.0005804328785537225,0.4975599999999999,2,8886886.0,24.072750091552734,6.393251895904541
22623,0.0,0.0005339982482694247,0.4975399999999999,0,134433664.0,23.969436645507812,9.875998497009277
22624,0.0,0.0005339982482694247,0.4975199999999999,3,2419313.25,24.09362030029297,4.997424125671387
22625,0.0,0.0005339982482694247,0.49749999999999994,3,60161676.0,23.911245346069336,5.484549045562744
22626,0.0,0.0005339982482694247,0.4974799999999999,3,8567950.0,24.082599639892578,2.9609880447387695
22627,0.0,0.0005339982482694247,0.4974599999999999,3,344172672.0,24.331954956054688,4.932058811187744
22628,0.0,0.0005767181081309787,0.49743999999999994,6,2028643.125,24.537132263183594,5.135748863220215
22629,0.0,0.0005594165648870493,0.4974199999999999,1,20300214.0,24.54839324951172,8.028770446777344
22630,0.0,0.0005426340679404378,0.4973999999999999,1,27342984.0,24.76374626159668,8.044313430786133
22631,0.0,0.0005263550459022247,0.49737999999999993,1,484155328.0,24.731250762939453,6.329324722290039
22632,0.0,0.0005316185963612469,0.4973599999999999,4,4094093.5,24.654491424560547,9.435725212097168
22633,0.0,0.0005741480840701467,0.4973399999999999,6,15009880.0,24.36271095275879,12.190319061279297
22634,0.0,0.0006200799307957584,0.49731999999999993,6,12129443.0,24.162761688232422,5.403866291046143
22635,0.0,0.0006200799307957584,0.4972999999999999,3,4257531.5,23.989768981933594,7.357055187225342
22636,0.0,0.0006696863252594192,0.49727999999999994,6,2049584.5,23.96719741821289,6.241285800933838
22637,0.0,0.000662989462006825,0.4972599999999999,2,2052805.25,23.835716247558594,5.962580680847168
22638,0.0,0.000716028618967371,0.4972399999999999,6,6921170.0,23.982402801513672,4.391196250915527
22639,0.0,0.0007088683327776973,0.49721999999999994,2,153997008.0,23.826330184936523,9.995428085327148
22640,0.0,0.0007655777993999132,0.4971999999999999,6,23697324.0,23.940237045288086,12.760562896728516
22641,0.0,0.0007426104654179158,0.4971799999999999,1,23075092.0,23.90662956237793,7.478015422821045
22642,0.0,0.0007648887793804533,0.49715999999999994,5,13477376.0,24.078187942504883,9.773958206176758
22643,0.0,0.0007572398915866487,0.4971399999999999,2,13781678.0,24.171966552734375,1.6436296701431274
22644,0.0,0.0007799570883342482,0.4971199999999999,5,6219708.5,24.335491180419922,8.14814281463623
22645,0.0,0.0007877566592175907,0.49709999999999993,4,3986572.0,24.499635696411133,2.42163348197937
22646,0.0,0.0008113893589941184,0.4970799999999999,5,6591561.5,24.740020751953125,2.771491527557373
22647,0.0,0.000835731039763942,0.4970599999999999,5,44474508.0,24.947572708129883,6.095839977264404
22648,0.0,0.0007688725565828267,0.4970399999999999,0,17409392.0,25.059125900268555,6.41032600402832
22649,0.0,0.0007919387332803115,0.4970199999999999,5,293782496.0,25.07082748413086,6.033768177032471
22650,0.0,0.0007998581206131146,0.49699999999999994,4,213166480.0,24.85041046142578,14.231459617614746
22651,0.0,0.0008238538642315081,0.4969799999999999,5,3046686.5,24.70713996887207,1.8425817489624023
22652,0.0,0.0007991382483045629,0.4969599999999999,1,4712615.5,24.54916763305664,5.930797576904297
22653,0.0,0.000775164100855426,0.49693999999999994,1,2232122.5,24.306621551513672,16.503154754638672
22654,0.0,0.0007829157418639802,0.4969199999999999,4,15121261.0,24.123001098632812,6.853713035583496
22655,0.0,0.0007202824825148619,0.4968999999999999,0,471456.78125,24.008474349975586,6.563063144683838
22656,0.0,0.0007202824825148619,0.49687999999999993,3,1024177.3125,24.06147575378418,2.2383522987365723
22657,0.0,0.000662659883913673,0.4968599999999999,0,136172.6875,24.179157257080078,4.876534938812256
22658,0.0,0.0006427800873962628,0.4968399999999999,1,4199137.5,24.344938278198242,6.632887840270996
22659,0.0,0.0005913576804045618,0.49681999999999993,0,9457475.0,24.48896026611328,6.447412014007568
22660,0.0,0.000573616949992425,0.4967999999999999,1,60182320.0,24.631765365600586,6.441365718841553
22661,0.0,0.0005564084414926522,0.49677999999999994,1,17741122.0,24.76645278930664,5.192462921142578
22662,0.0,0.0005397161882478727,0.4967599999999999,1,386073.3125,24.84514808654785,6.089461803436279
22663,0.0,0.0005559076738953088,0.4967399999999999,5,21761210.0,24.926368713378906,1.5778796672821045
22664,0.0,0.0005392304436784496,0.49671999999999994,1,43076512.0,24.982486724853516,3.690741777420044
22665,0.0,0.0005230535303680961,0.4966999999999999,1,11305664.0,24.976037979125977,9.435323715209961
22666,0.0,0.0005073619244570532,0.4966799999999999,1,1697140.75,24.774478912353516,12.585993766784668
22667,0.0,0.0005124355437016238,0.49665999999999993,4,43099420.0,24.523128509521484,10.563576698303223
22668,0.0,0.00051755989913864,0.4966399999999999,4,69760744.0,24.204931259155273,8.005011558532715
22669,0.0,0.0005227354981300264,0.4966199999999999,4,170178480.0,23.964773178100586,5.875156402587891
22670,0.0,0.0005645543379804285,0.49659999999999993,6,36650364.0,23.901750564575195,4.8866868019104
22671,0.0,0.0005814909681198413,0.4965799999999999,5,21486222.0,23.939226150512695,4.08640193939209
22672,0.0,0.0005814909681198413,0.49655999999999995,3,9423053.0,24.056232452392578,8.052525520324707
22673,0.0,0.000534971690670254,0.4965399999999999,0,11043240.0,24.19430160522461,7.222856044769287
22674,0.0,0.000534971690670254,0.4965199999999999,3,128168520.0,24.341876983642578,6.428204536437988
22675,0.0,0.000534971690670254,0.49649999999999994,3,1871895.0,24.365875244140625,10.846514701843262
22676,0.0,0.0005403214075769565,0.4964799999999999,4,447501760.0,24.407852172851562,8.362045288085938
22677,0.0,0.0004970956949708,0.4964599999999999,0,13380188.0,24.31686782836914,10.313282012939453
22678,0.0,0.0004970956949708,0.49643999999999994,3,8681091.0,24.36503791809082,4.094851970672607
22679,0.0,0.0004970956949708,0.4964199999999999,3,16447325.0,24.42182731628418,1.7719628810882568
22680,0.0,0.0005368633505684641,0.4963999999999999,6,32025582.0,24.56392478942871,6.864078521728516
22681,0.0,0.0005798124186139412,0.49637999999999993,6,3479564.5,24.704418182373047,2.5395381450653076
22682,0.0,0.0006261974121030565,0.4963599999999999,6,4606324.0,24.811372756958008,8.957894325256348
22683,0.0,0.0006762932050713011,0.4963399999999999,6,5830854.5,24.808101654052734,8.282391548156738
22684,0.0,0.0007303966614770052,0.49631999999999993,6,355508864.0,24.822132110595703,4.420779228210449
22685,0.0,0.0007084847616326951,0.4962999999999999,1,4063290.25,24.838163375854492,4.560155868530273
22686,0.0,0.0006872302187837142,0.49627999999999994,1,7163336.5,24.91737937927246,5.320364475250244
22687,0.0,0.0006872302187837142,0.4962599999999999,3,5650179.5,24.935882568359375,6.589393138885498
22688,0.0,0.0007078471253472256,0.4962399999999999,5,27518780.0,24.909345626831055,7.3438825607299805
22689,0.0,0.0007644748953750038,0.49621999999999994,6,39615700.0,24.930561065673828,3.4682838916778564
22690,0.0,0.0007721196443287538,0.4961999999999999,4,153619.6875,25.000368118286133,2.549733877182007
22691,0.0,0.0008338892158750541,0.4961799999999999,6,5577941.0,25.13478660583496,2.0325748920440674
22692,0.0,0.0008255503237163036,0.49615999999999993,2,12491571.0,25.1507568359375,4.068243980407715
22693,0.0,0.0008503168334277928,0.4961399999999999,5,10453044.0,25.09827995300293,7.554131031036377
22694,0.0,0.0007822914867535694,0.4961199999999999,0,9055231.0,24.980796813964844,6.195808410644531
22695,0.0,0.0007822914867535694,0.49609999999999993,3,6499426.0,24.711231231689453,8.209660530090332
22696,0.0,0.0007822914867535694,0.4960799999999999,3,20058204.0,24.57503890991211,6.011884689331055
22697,0.0,0.0007744685718860337,0.49605999999999995,2,7659599.0,24.435802459716797,1.741331696510315
22698,0.0,0.000782213257604894,0.4960399999999999,4,12177202.0,24.11012840270996,3.310997486114502
22699,0.0,0.0007587468598767472,0.4960199999999999,1,19543722.0,23.650653839111328,6.655264854431152
22700,0.0,0.0007815092656730496,0.49599999999999994,5,36688812.0,23.45954132080078,1.6909854412078857
22701,0.0,0.0007815092656730496,0.4959799999999999,3,31969126.0,23.045637130737305,5.313284873962402
22702,0.0,0.0008440300069268937,0.4959599999999999,6,174341648.0,22.71764373779297,5.914229869842529
22703,0.0,0.0009115524074810453,0.49593999999999994,6,22081510.0,22.132625579833984,3.4651572704315186
22704,4734248.11,0.0005057343895712956,0.4959199999999999,0,1875278.25,21.538175582885742,10.723038673400879
22705,3032779.08,0.0005209064212584344,0.4958999999999999,5,7440554.5,18.936748504638672,9.247645378112793
22706,1398500.0199999972,0.0005365336138961874,0.49587999999999993,5,1372583.875,18.93492889404297,12.458146095275879
22707,513370.93999999785,0.0005204376054793018,0.4958599999999999,1,145406992.0,18.932140350341797,6.4192705154418945
22708,0.0,0.0005204376054793018,0.4958399999999999,3,17294832.0,18.93002700805664,10.067736625671387
22709,0.0,0.0005048244773149227,0.4958199999999999,1,2795153.75,18.92797088623047,8.20162582397461
22710,0.0,0.0005452104355001165,0.4957999999999999,6,5096627.0,22.063148498535156,7.13321590423584
22711,0.0,0.000528854122435113,0.49577999999999994,1,6408692.0,23.723609924316406,4.581050395965576
22712,0.0,0.0005129884987620596,0.4957599999999999,1,8978990.0,23.279451370239258,10.249369621276855
22713,0.0,0.0004975988437991978,0.4957399999999999,1,62879408.0,23.71332359313965,9.569262504577637
22714,0.0,0.0004826708784852218,0.49571999999999994,1,3702013.25,24.13026237487793,9.56605339050293
22715,0.0,0.0004681907521306651,0.4956999999999999,1,2725845.25,24.29082489013672,4.836869716644287
22716,0.0,0.00047287265965197177,0.4956799999999999,4,166702064.0,24.572172164916992,2.743828535079956
22717,0.0,0.00047287265965197177,0.49565999999999993,3,7144461.5,24.40607261657715,16.797588348388672
22718,0.0,0.0004776013862484915,0.4956399999999999,4,18918314.0,24.62053871154785,4.211777687072754
22719,0.0,0.0004728253723860066,0.4956199999999999,2,140981152.0,24.68557357788086,3.014360189437866
22720,0.0,0.0005106514021768872,0.49559999999999993,6,8531177.0,25.050926208496094,6.525053977966309
22721,0.0,0.000515757916198656,0.4955799999999999,4,3412215.5,24.830034255981445,4.835472106933594
22722,0.0,0.0005209154953606426,0.49555999999999994,4,132624448.0,25.0511474609375,4.705106735229492
22723,0.0,0.0005261246503142491,0.4955399999999999,4,6243475.5,24.996139526367188,6.86348819732666
22724,0.0,0.0005313858968173915,0.4955199999999999,4,3913786.25,24.903202056884766,4.423630237579346
22725,0.0,0.0005473274737219133,0.49549999999999994,5,22846450.0,24.707075119018555,10.737788200378418
22726,0.0,0.0005528007484591324,0.4954799999999999,4,1165914.375,24.383352279663086,10.069300651550293
22727,0.0,0.0005528007484591324,0.4954599999999999,3,6316922.5,24.24898910522461,4.548956871032715
22728,0.0,0.0005472727409745411,0.49543999999999994,2,19178470.0,24.13240623474121,5.414607048034668
22729,0.0,0.0005527454683842865,0.4954199999999999,4,9702647.0,24.11025047302246,5.3839430809021
22730,0.0,0.0005472180137004437,0.4953999999999999,2,11954580.0,23.92848777770996,12.051448822021484
22731,0.0,0.0005308014732894303,0.49537999999999993,1,647603.75,23.950458526611328,8.476741790771484
22732,0.0,0.0005467255174881133,0.4953599999999999,5,63367.70703125,23.9760684967041,8.31482982635498
22733,0.0,0.0005631272830127567,0.4953399999999999,5,9023414.0,23.88153648376465,5.831272125244141
22734,0.0,0.0005800211015031395,0.4953199999999999,5,6736510.0,24.03471565246582,5.759488105773926
22735,0.0,0.0005336194133828883,0.4952999999999999,0,9342376.0,24.21735954284668,4.403381824493408
22736,0.0,0.0005176108309814016,0.49527999999999994,1,9876676.0,24.45081901550293,10.726296424865723
22737,0.0,0.0004762019645028895,0.4952599999999999,0,795208.9375,24.588064193725586,3.2438015937805176
22738,0.0,0.0004381058073426584,0.4952399999999999,0,6900275.5,24.76915740966797,5.962937831878662
22739,0.0,0.00047315427193007106,0.49521999999999994,6,3332099.75,24.77115821838379,14.305014610290527
22740,0.0,0.00046842272921077035,0.4951999999999999,2,22825172.0,24.707704544067383,7.332361698150635
22741,0.0,0.00048247541108709346,0.4951799999999999,5,15993765.0,24.696239471435547,9.577375411987305
22742,0.0,0.00047765065697622254,0.49515999999999993,2,8248413.0,24.60822296142578,6.808923721313477
22743,0.0,0.0004919801766855093,0.4951399999999999,5,31407502.0,24.552038192749023,7.464173316955566
22744,0.0,0.00053133859082035,0.4951199999999999,6,1722701.125,24.439292907714844,7.6500020027160645
22745,0.0,0.0005472787485449605,0.49509999999999993,5,49534532.0,24.296884536743164,7.424017906188965
22746,0.0,0.0005910610484285574,0.4950799999999999,6,3076806.0,24.243858337402344,5.308750152587891
22747,0.0,0.0006087928798814142,0.49505999999999994,5,4536738.0,24.27328109741211,6.228701591491699
22748,0.0,0.0006148808086802283,0.4950399999999999,4,19782540.0,24.271074295043945,11.74758529663086
22749,0.0,0.0005964343844198215,0.4950199999999999,1,19965792.0,24.22425651550293,8.765377044677734
22750,0.0,0.0005904700405756232,0.49499999999999994,2,24232304.0,24.288684844970703,3.1583807468414307
22751,0.0,0.000584565340169867,0.4949799999999999,2,140486032.0,24.436767578125,4.288923740386963
22752,0.0,0.0005787196867681683,0.4949599999999999,2,22678802.0,24.634294509887695,3.0983688831329346
22753,0.0,0.0006250172617096218,0.49493999999999994,6,49068.7578125,24.841999053955078,3.841839551925659
22754,0.0,0.0006187670890925256,0.4949199999999999,2,198130512.0,25.0047607421875,11.280481338500977
22755,0.0,0.0006682684562199277,0.4948999999999999,6,73677.859375,25.159109115600586,2.7301244735717773
22756,0.0,0.000674951140782127,0.49487999999999993,4,1407530.5,25.162395477294922,10.106080055236816
22757,0.0,0.0006817006521899482,0.4948599999999999,4,11860188.0,25.073074340820312,8.15280818939209
22758,0.0,0.0006612496326242498,0.4948399999999999,1,117368.7578125,24.871854782104492,10.414069175720215
22759,0.0,0.0006678621289504923,0.4948199999999999,4,5880615.5,24.65194320678711,4.4741387367248535
22760,0.0,0.0006745407502399972,0.4947999999999999,4,8061113.0,24.4665470123291,7.166334629058838
22761,0.0,0.0006947769727471972,0.49477999999999994,5,13024938.0,24.37038230895996,3.9465718269348145
22762,0.0,0.0007017247424746691,0.4947599999999999,4,20781822.0,24.283103942871094,6.767062664031982
22763,0.0,0.0007227764847489093,0.4947399999999999,5,1168964.0,24.25448989868164,3.784517288208008
22764,0.0,0.000780598603528822,0.49471999999999994,6,4608889.5,24.1765079498291,6.538626670837402
22765,0.0,0.0007181507152465163,0.4946999999999999,0,21488398.0,24.160371780395508,7.207231521606445
22766,0.0,0.0007756027724662376,0.4946799999999999,6,87187144.0,24.27770233154297,4.552863597869873
22767,0.0,0.0008376509942635366,0.49465999999999993,6,1807208.0,24.361249923706055,6.746697425842285
22768,0.0,0.0008627805240914427,0.4946399999999999,5,9794097.0,24.443439483642578,7.5528693199157715
22769,0.0,0.0007937580821641274,0.4946199999999999,0,58759940.0,24.59724998474121,4.057560920715332
22770,0.0,0.0007858205013424861,0.49459999999999993,2,7710954.5,24.739164352416992,6.096489906311035
22771,0.0,0.0008093951163827607,0.4945799999999999,5,39902336.0,24.73434829711914,10.799099922180176
22772,0.0,0.0008336769698742435,0.49455999999999994,5,957392.625,24.70643424987793,4.0687079429626465
22773,0.0,0.0008086666607780162,0.4945399999999999,1,6262433.0,24.618377685546875,8.187209129333496
22774,0.0,0.0008329266606013567,0.4945199999999999,5,329701888.0,24.64543914794922,4.37568998336792
22775,0.0,0.0008412559272073703,0.49449999999999994,4,8059725.0,24.501319885253906,8.12088680267334
22776,0.0,0.000849668486479444,0.4944799999999999,4,26806134.0,24.29796028137207,9.758408546447754
22777,0.0,0.0008581651713442384,0.4944599999999999,4,14362631.0,24.156827926635742,3.991718053817749
22778,0.0,0.0008495835196307961,0.49443999999999994,2,128541144.0,23.9969539642334,11.414709091186523
22779,0.0,0.0008580793548271041,0.4944199999999999,4,1548922.25,23.842748641967773,10.918752670288086
22780,0.0,0.0008666601483753751,0.4943999999999999,4,246466.265625,23.810867309570312,4.738440990447998
22781,0.0,0.0008406603439241138,0.49437999999999993,1,1801361.25,23.886913299560547,7.2163004875183105
22782,0.0,0.0008406603439241138,0.4943599999999999,3,192563888.0,24.1168212890625,5.329516410827637
22783,0.0,0.0008322537404848727,0.4943399999999999,2,21164300.0,24.225006103515625,14.660614013671875
22784,0.0,0.0008239312030800239,0.4943199999999999,2,345128256.0,24.426759719848633,3.5813684463500977
22785,0.0,0.0008156918910492237,0.4942999999999999,2,9427964.0,24.557676315307617,9.9010591506958
22786,0.0,0.0008401626477807004,0.49427999999999994,5,31146160.0,24.71595001220703,7.5574493408203125
22787,0.0,0.0008401626477807004,0.4942599999999999,3,433619.3125,24.88947868347168,6.022199630737305
22788,0.0,0.0008401626477807004,0.4942399999999999,3,3542594.5,25.06976890563965,3.966644287109375
22789,0.0,0.0008485642742585074,0.49421999999999994,4,231713584.0,25.146709442138672,8.04593563079834
22790,0.0,0.0008400786315159223,0.4941999999999999,2,527878208.0,25.128063201904297,11.7486572265625
22791,0.0,0.0008484794178310815,0.4941799999999999,4,6511695.0,24.990875244140625,8.59865951538086
22792,0.0,0.0008569642120093923,0.49415999999999993,4,31821206.0,24.855518341064453,9.362322807312012
22793,0.0,0.0008312552856491105,0.4941399999999999,1,83294568.0,24.594202041625977,8.580451965332031
22794,0.0,0.0008395678385056016,0.4941199999999999,4,6127093.0,24.130250930786133,8.125670433044434
22795,0.0,0.0008479635168906576,0.49409999999999993,4,211360816.0,23.465106964111328,11.793703079223633
22796,0.0,0.0008225246113839379,0.4940799999999999,1,253294816.0,22.93849754333496,6.165469169616699
22797,0.0,0.0008225246113839379,0.49405999999999994,3,231398528.0,22.568721771240234,6.306059837341309
22798,0.0,0.0008225246113839379,0.4940399999999999,3,19532174.0,22.257476806640625,3.548079490661621
22799,4630614.860000003,0.0007160469935390543,0.4940199999999999,6,6038729.5,21.952728271484375,8.398961067199707
22800,3702686.6000000024,0.0007733307530221787,0.49399999999999994,6,36712824.0,19.125553131103516,14.658581733703613
22801,3308674.490000002,0.0007114642927804044,0.4939799999999999,0,98531928.0,19.12792205810547,6.813136577606201
22802,2709273.7500000023,0.0007683814362028368,0.4939599999999999,6,1088988.875,19.128925323486328,7.906378746032715
22803,2185382.630000002,0.0008298519510990638,0.49393999999999993,6,42407644.0,19.130369186401367,5.8128662109375
22804,1027682.2100000037,0.0008547475096320358,0.4939199999999999,5,96115040.0,19.12975311279297,7.889939785003662
22805,852034.6800000038,0.0008803899349209969,0.4938999999999999,5,49611368.0,19.13064193725586,5.360627174377441
22806,502388.2400000035,0.0009068016329686269,0.49387999999999993,5,34056656.0,19.13039779663086,4.997372150421143
22807,423545.15000000346,0.0008342575023311368,0.4938599999999999,0,3737872.75,19.130599975585938,7.130315780639648
22808,236375.31000000355,0.000859285227401071,0.49383999999999995,5,128451504.0,19.131067276000977,6.336912631988525
22809,88742.92000000356,0.0008506923751270603,0.4938199999999999,2,58213988.0,19.13269805908203,6.271956920623779
22810,0.0,0.0008251716038732485,0.4937999999999999,1,9900477.0,19.1347599029541,3.304316282272339
22811,0.0,0.0008911853321831085,0.49377999999999994,6,1718187.0,19.137462615966797,7.298810005187988
22812,0.0,0.0008911853321831085,0.4937599999999999,3,18421652.0,24.466632843017578,1.4278807640075684
22813,0.0,0.0009000971855049395,0.4937399999999999,4,842058.375,24.781585693359375,6.365590572357178
22814,0.0,0.000909098157359989,0.49371999999999994,4,198186976.0,24.62309455871582,7.41654109954834
22815,0.0,0.000909098157359989,0.4936999999999999,3,54052.2109375,24.63394546508789,2.267420530319214
22816,0.0,0.0009000071757863891,0.4936799999999999,2,135614608.0,24.72083854675293,6.61480712890625
22817,0.0,0.0008910071040285252,0.49365999999999993,2,147565632.0,24.757221221923828,5.821524143218994
22818,0.0,0.0008820970329882399,0.4936399999999999,2,5565891.5,24.73986053466797,3.0426077842712402
22819,0.0,0.0008732760626583575,0.4936199999999999,2,138122256.0,24.70655632019043,7.2867560386657715
22820,0.0,0.0008820088232849411,0.4935999999999999,4,27909452.0,24.60698127746582,11.752532958984375
22821,0.0,0.0008114481174221458,0.4935799999999999,0,184344592.0,24.410865783691406,6.416929244995117
22822,0.0,0.0007465322680283742,0.49355999999999994,0,4698961.0,24.550107955932617,14.269430160522461
22823,0.0,0.0007465322680283742,0.4935399999999999,3,8763985.0,24.46613121032715,5.395103454589844
22824,0.0,0.0006868096865861043,0.4935199999999999,0,37338800.0,24.249820709228516,4.150904655456543
22825,0.0,0.000631864911659216,0.49349999999999994,0,14440919.0,24.478515625,5.808000564575195
22826,0.0,0.0005813157187264787,0.4934799999999999,0,228286.5625,24.455461502075195,9.60528564453125
22827,0.0,0.0005638762471646844,0.4934599999999999,1,2302948.75,24.397418975830078,10.485814094543457
22828,0.0,0.0005187661473915096,0.49343999999999993,0,3239140.25,24.236865997314453,11.4862060546875
22829,0.0,0.0004772648556001889,0.4934199999999999,0,112599976.0,24.231555938720703,4.831550598144531
22830,0.0,0.0004390836671521738,0.4933999999999999,0,7592709.0,24.19425392150879,7.692869186401367
22831,0.0,0.0004390836671521738,0.49337999999999993,3,1066243.875,24.09540557861328,11.118048667907715
22832,0.0,0.0004390836671521738,0.4933599999999999,3,39212444.0,24.025144577026367,9.385082244873047
22833,0.0,0.000452256177166739,0.49333999999999995,5,10250886.0,24.114084243774414,4.741858959197998
22834,0.0,0.0004658238624817412,0.4933199999999999,5,108287224.0,24.236513137817383,3.3923165798187256
22835,0.0,0.00047048210110655866,0.4932999999999999,4,448463968.0,24.454708099365234,5.293993949890137
22836,0.0,0.000432843533018034,0.49327999999999994,0,7077574.0,24.735111236572266,4.462362289428711
22837,0.0,0.000432843533018034,0.4932599999999999,3,4485140.0,25.048616409301758,3.9762418270111084
22838,0.0,0.00042851509768785366,0.4932399999999999,2,2602939.75,25.23601722717285,4.1200361251831055
22839,0.0,0.0004413705506184893,0.49321999999999994,5,220757.421875,25.323671340942383,11.225594520568848
22840,0.0,0.00044578425612467416,0.4931999999999999,4,3061574.0,25.27519989013672,3.9599978923797607
22841,0.0,0.00045024209868592093,0.4931799999999999,4,53782016.0,25.22684097290039,2.3483264446258545
22842,0.0,0.00048626146658079466,0.49315999999999993,6,20513900.0,24.976186752319336,12.642467498779297
22843,0.0,0.0004716736225833708,0.4931399999999999,1,12857944.0,24.664159774780273,6.2426652908325195
22844,0.0,0.0004669568863575371,0.4931199999999999,2,9304940.0,24.44671630859375,4.377643585205078
22845,0.0,0.0004716264552211125,0.4930999999999999,4,338638144.0,24.20973777770996,7.874181747436523
22846,0.0,0.0005093565716388015,0.4930799999999999,6,44348632.0,24.08197593688965,6.953081130981445
22847,0.0,0.0005093565716388015,0.49305999999999994,3,84117192.0,24.112808227539062,4.421154499053955
22848,0.0,0.0005501050973699056,0.4930399999999999,6,534500.0,24.26752471923828,5.57502555847168
22849,0.0,0.0005556061483436047,0.4930199999999999,4,367933728.0,24.391525268554688,6.81337833404541
22850,0.0,0.0005556061483436047,0.49299999999999994,3,316872384.0,24.5794677734375,7.270170211791992
22851,0.0,0.0005500500868601686,0.4929799999999999,2,11038216.0,24.67360496520996,9.766371726989746
22852,0.0,0.0005940540938089822,0.4929599999999999,6,203357424.0,24.785078048706055,4.447757244110107
22853,0.0,0.0005465297663042637,0.49293999999999993,0,8535189.0,24.852659225463867,4.395077705383301
22854,0.0,0.0005902521476086048,0.4929199999999999,6,54734904.0,24.968412399291992,6.261946678161621
22855,0.0,0.0005430319757999165,0.4928999999999999,0,4218628.5,25.009775161743164,2.4459147453308105
22856,0.0,0.0005864745338639098,0.49287999999999993,6,2000931.125,25.111921310424805,5.002860069274902
22857,0.0,0.0005864745338639098,0.4928599999999999,3,1664317.625,24.981609344482422,7.986889362335205
22858,0.0,0.0005806097885252707,0.49283999999999994,2,3613267.25,24.936508178710938,4.008206844329834
22859,0.0,0.0005806097885252707,0.4928199999999999,3,40305352.0,24.81287956237793,9.53293514251709
22860,0.0,0.0005806097885252707,0.4927999999999999,3,1900315.875,24.719697952270508,6.934659481048584
22861,0.0,0.0005806097885252707,0.49277999999999994,3,4406743.0,24.63434600830078,9.446720123291016
22862,0.0,0.0005806097885252707,0.4927599999999999,3,64019304.0,24.540361404418945,4.872539043426514
22863,0.0,0.0005980280821810289,0.4927399999999999,5,4938096.0,24.397293090820312,7.965730667114258
22864,0.0,0.0006159689246464598,0.49271999999999994,5,40006048.0,24.183103561401367,10.992033958435059
22865,0.0,0.0006221286138929245,0.4926999999999999,4,9537689.0,24.00542449951172,9.166473388671875
22866,0.0,0.0006283499000318537,0.4926799999999999,4,3125780.5,23.883745193481445,3.421056032180786
22867,0.0,0.0006472003970328093,0.49265999999999993,5,46781620.0,23.881031036376953,8.707599639892578
22868,0.0,0.0006666164089437936,0.4926399999999999,5,6954088.0,23.921775817871094,8.453226089477539
22869,0.0,0.0006866149012121074,0.4926199999999999,5,3973088.0,24.079370498657227,4.0446367263793945
22870,0.0,0.0006797487521999863,0.4925999999999999,2,156435712.0,24.25740623474121,7.080807685852051
22871,0.0,0.0006253688520239874,0.4925799999999999,0,2978944.0,24.607656478881836,3.4375123977661133
22872,0.0,0.0006441299175847071,0.49255999999999994,5,669604160.0,24.99553108215332,3.5764970779418945
22873,0.0,0.0006505712167605542,0.4925399999999999,4,390177.5625,25.19967269897461,6.765615463256836
22874,0.0,0.0006440655045929487,0.4925199999999999,2,190507680.0,25.382049560546875,4.731093406677246
22875,0.0,0.0006440655045929487,0.49249999999999994,3,524764.25,25.367332458496094,12.711847305297852
22876,0.0,0.0006505061596388782,0.4924799999999999,4,110560200.0,25.25058937072754,9.39958381652832
22877,0.0,0.0007025466524099885,0.4924599999999999,6,2748217.25,25.150699615478516,1.7730292081832886
22878,0.0,0.0006463429202171895,0.49243999999999993,0,35898560.0,24.89747428894043,11.842853546142578
22879,0.0,0.0006398794910150176,0.4924199999999999,2,19355176.0,24.648900985717773,9.008493423461914
22880,0.0,0.0005886891317338162,0.4923999999999999,0,170833568.0,24.459672927856445,4.456811428070068
22881,0.0,0.0005415940011951109,0.49237999999999993,0,3148180.0,24.171472549438477,10.029106140136719
22882,0.0,0.0004982664810995021,0.4923599999999999,0,1464299.375,24.08148956298828,2.080507755279541
22883,0.0,0.0004982664810995021,0.49233999999999994,3,17806886.0,24.13381576538086,2.437713861465454
22884,0.0,0.000493283816288507,0.4923199999999999,2,204599152.0,24.35485076904297,4.480472564697266
22885,0.0,0.0004982166544513921,0.4922999999999999,4,136914640.0,24.567644119262695,4.184237957000732
22886,0.0,0.00048327015481785027,0.49227999999999994,1,52186104.0,24.73299789428711,11.169105529785156
22887,0.0,0.0004881028563660288,0.4922599999999999,4,593028.0,24.73042869567871,8.653636932373047
22888,0.0,0.0004929838849296891,0.4922399999999999,4,168551824.0,24.855714797973633,5.846445560455322
22889,0.0,0.000497913723778986,0.49221999999999994,4,2068859.0,24.698509216308594,9.224275588989258
22890,0.0,0.0005028928610167758,0.4921999999999999,4,80404856.0,24.383052825927734,6.550329685211182
22891,4168410.439999993,0.0004648306485926266,0.4921799999999999,2,4215771.0,19.221445083618164,1.2887210845947266
22892,2256159.2399999974,0.00046018234210670034,0.49215999999999993,2,1175146.125,19.220849990844727,2.4701833724975586
22893,949141.3399999966,0.00047398781236990137,0.4921399999999999,5,33314370.0,19.218814849853516,11.13283920288086
22894,0.0,0.0004882074467409984,0.4921199999999999,5,29624504.0,19.21659278869629,6.905615329742432
22895,0.0,0.0004882074467409984,0.4920999999999999,3,3950012.0,19.214082717895508,6.0405683517456055
22896,0.0,0.0004882074467409984,0.4920799999999999,3,9428888.0,22.81832504272461,7.55886173248291
22897,0.0,0.0004882074467409984,0.49205999999999994,3,2953445.0,23.092288970947266,8.038129806518555
22898,0.0,0.0004833253722735884,0.4920399999999999,2,31195630.0,23.52149200439453,6.605837345123291
22899,0.0,0.0004881586259963243,0.4920199999999999,4,855021.5625,23.900402069091797,5.9782562255859375
22900,0.0,0.0004930402122562876,0.49199999999999994,4,861974.0,24.071819305419922,4.953131198883057
22901,0.0,0.0004979706143788505,0.4919799999999999,4,1885542.625,24.111570358276367,6.652737617492676
22902,0.0,0.000502950320522639,0.4919599999999999,4,27461916.0,24.185274124145508,6.0119709968566895
22903,0.0,0.00048786181090695977,0.49193999999999993,1,18885196.0,24.150558471679688,10.907979965209961
22904,0.0,0.0004927404290160294,0.4919199999999999,4,21730604.0,24.428892135620117,6.0913801193237305
22905,0.0,0.0005321596633373118,0.4918999999999999,6,11024224.0,24.171445846557617,6.266510963439941
22906,0.0,0.0005161948734371923,0.49187999999999993,1,462412352.0,24.037357330322266,4.7226338386535645
22907,0.0,0.0005007090272340765,0.4918599999999999,1,310326656.0,24.56178855895996,7.534909248352051
22908,0.0,0.0004606523050553504,0.49183999999999994,0,5989408.0,24.576690673828125,8.881168365478516
22909,0.0,0.0004238001206509224,0.4918199999999999,0,13404052.0,24.71843910217285,4.2859296798706055
22910,0.0,0.00038989611099884866,0.4917999999999999,0,1621190.375,24.73578453063965,10.894658088684082
22911,0.0,0.00035870442211894077,0.49177999999999994,0,187956384.0,24.706600189208984,7.688236713409424
22912,0.0,0.000369465554782509,0.4917599999999999,5,185850144.0,24.57203483581543,9.840418815612793
22913,0.0,0.0003399083103999083,0.4917399999999999,0,5651120.5,24.10647964477539,5.376894950866699
22914,0.0,0.0003127156455679156,0.49171999999999993,0,8594216.0,24.370399475097656,4.280832290649414
22915,0.0,0.00030958848911223646,0.4916999999999999,2,158397.421875,24.37853240966797,5.5683207511901855
22916,0.0,0.00028482140998325756,0.4916799999999999,0,1866917.5,24.357179641723633,1.5304197072982788
22917,0.0,0.0002762767676837598,0.49165999999999993,1,6923428.0,24.639081954956055,3.4120631217956543
22918,0.0,0.000267988464653247,0.4916399999999999,1,29189794.0,24.651161193847656,12.532514572143555
22919,0.0,0.0002599488107136496,0.4916199999999999,1,7284849.0,24.76588249206543,4.147434234619141
22920,0.0,0.0002807447155707416,0.4915999999999999,6,425453.0,24.806671142578125,9.38263988494873
22921,0.0,0.0002723223741036193,0.4915799999999999,1,4697652.0,24.58382797241211,5.339544773101807
22922,0.0,0.0002641527028805107,0.49155999999999994,1,386061.75,24.824588775634766,3.082050085067749
22923,0.0,0.00027207728396692605,0.4915399999999999,5,109646280.0,24.892515182495117,2.2902162075042725
22924,0.0,0.00028023960248593386,0.4915199999999999,5,441076.59375,24.774953842163086,9.957464218139648
22925,0.0,0.0002886467905605119,0.49149999999999994,5,224929552.0,24.851947784423828,2.173351287841797
22926,0.0,0.00026555504731567097,0.4914799999999999,0,340916.875,24.846433639526367,5.843955039978027
22927,0.0,0.00028679945110092464,0.4914599999999999,6,8000794.0,24.795076370239258,9.587471961975098
22928,0.0,0.00028966744561193387,0.49143999999999993,4,187536912.0,24.514148712158203,6.912742614746094
22929,0.0,0.00028966744561193387,0.4914199999999999,3,12336352.0,24.32604217529297,10.04276180267334
22930,0.0,0.0002925641200680532,0.4913999999999999,4,184625.46875,24.11448860168457,7.999220848083496
22931,0.0,0.00031596924967349746,0.49137999999999993,6,7245991.0,23.985498428344727,4.592574119567871
22932,0.0,0.0003128095571767625,0.4913599999999999,2,369059.96875,23.864152908325195,11.79126262664795
22933,0.0,0.00033783432175090355,0.49133999999999994,6,17873966.0,24.00191879272461,3.0883240699768066
22934,0.0,0.0003108075760108313,0.4913199999999999,0,1962901.75,24.096906661987305,5.800418853759766
22935,0.0,0.0003139156517709396,0.4912999999999999,4,42907616.0,24.230241775512695,14.043853759765625
22936,0.0,0.000317054808288649,0.49127999999999994,4,630899.625,24.26418685913086,5.976766109466553
22937,0.0,0.0003202253563715355,0.4912599999999999,4,870797.25,24.46988868713379,1.906986951828003
22938,0.0,0.00031061859568038943,0.4912399999999999,1,20305620.0,24.70792007446289,7.712735176086426
22939,0.0,0.00030130003780997776,0.49121999999999993,1,331040192.0,24.852375030517578,12.491817474365234
22940,0.0,0.000325404040834776,0.4911999999999999,6,4619503.5,24.813373565673828,10.789647102355957
22941,0.0,0.0003514363641015581,0.4911799999999999,6,1570807.5,24.63120460510254,8.229121208190918
22942,0.0,0.00037955127322968275,0.49115999999999993,6,26420492.0,24.491182327270508,4.931027412414551
22943,0.0,0.0004099153750880574,0.4911399999999999,6,6750247.0,24.363801956176758,5.329065322875977
22944,0.0,0.00044270860509510205,0.49111999999999995,6,5348984.0,24.30930519104004,3.3390262126922607
22945,0.0,0.0004072919166874939,0.4910999999999999,0,14642879.0,24.230701446533203,12.416879653930664
22946,0.0,0.00043987527002249346,0.4910799999999999,6,97169280.0,24.207401275634766,9.135147094726562
22947,0.0,0.000404685248420694,0.49105999999999994,0,180014384.0,24.088539123535156,6.202023983001709
22948,0.0,0.00039254469096807316,0.4910399999999999,1,5012425.0,24.15761947631836,3.4324512481689453
22949,0.0,0.0004043210316971154,0.4910199999999999,5,18790666.0,24.23964500427246,3.682231903076172
22950,0.0,0.0003921914007462019,0.49099999999999994,1,42945692.0,24.291902542114258,5.0152907371521
22951,0.0,0.000403957142768588,0.4909799999999999,5,6708688.5,24.51641082763672,4.368818759918213
22952,0.0,0.0004079967141962739,0.4909599999999999,4,6821535.5,24.681066513061523,2.5100255012512207
22953,0.0,0.00039575681277038565,0.49093999999999993,1,16848046.0,24.90465545654297,2.629324197769165
22954,0.0,0.0003997143808980895,0.4909199999999999,4,1146000.5,24.978607177734375,8.137884140014648
22955,0.0,0.0004316915313699367,0.4908999999999999,6,35393164.0,24.829816818237305,9.679527282714844
22956,0.0,0.0004187407854288386,0.4908799999999999,1,335418848.0,24.632062911987305,7.2877607345581055
22957,0.0,0.0004061785618659734,0.4908599999999999,1,338716928.0,24.5046329498291,10.789127349853516
22958,0.0,0.00039399320500999415,0.49083999999999994,1,316546976.0,24.11400032043457,17.375244140625
22959,0.0,0.00038217340885969434,0.4908199999999999,1,4538622.0,23.822425842285156,3.481551170349121
22960,0.0,0.00038217340885969434,0.4907999999999999,3,15353572.0,23.63234519958496,6.171857833862305
22961,0.0,0.0004127472815684699,0.49077999999999994,6,118696888.0,23.549964904785156,6.222465515136719
22962,0.0,0.00044576706409394756,0.4907599999999999,6,21352724.0,23.64002799987793,5.0039801597595215
22963,0.0,0.0004413093934530081,0.4907399999999999,2,27289924.0,23.946931838989258,3.8421857357025146
22964,0.0,0.00044572248738753816,0.49071999999999993,4,9822187.0,24.377960205078125,5.120762825012207
22965,0.0,0.0004501797122614136,0.4906999999999999,4,7081669.0,24.668684005737305,8.278740882873535
22966,0.0,0.0004861940892423267,0.4906799999999999,6,19897760.0,24.92058753967285,9.158341407775879
22967,0.0,0.0005250896163817129,0.49065999999999993,6,13500112.0,25.076438903808594,6.459007740020752
22968,0.0,0.0005093369278902615,0.4906399999999999,1,9891621.0,25.045265197753906,13.534461975097656
22969,0.0,0.0005500838821214825,0.49061999999999995,6,336183.125,25.134029388427734,2.2114953994750977
22970,0.0,0.000594090592691201,0.4905999999999999,6,2226671.0,25.098175048828125,1.9072059392929077
22971,0.0,0.000546563345275905,0.4905799999999999,0,16971594.0,24.99504280090332,13.870372772216797
22972,0.0,0.0005629602456341822,0.49055999999999994,5,95720600.0,24.959362030029297,2.2121853828430176
22973,0.0,0.0005179234259834476,0.4905399999999999,0,39894004.0,24.932743072509766,2.0658674240112305
22974,0.0,0.00047648955190477185,0.4905199999999999,0,9983888.0,25.0087890625,2.072148323059082
22975,0.0,0.0005146087160571536,0.49049999999999994,6,31384118.0,25.04731559753418,3.8059935569763184
22976,0.0,0.0005146087160571536,0.4904799999999999,3,94607.78125,25.046567916870117,6.058950901031494
22977,0.0,0.0005300469775388683,0.4904599999999999,5,6725120.5,25.05896759033203,7.752665042877197
22978,0.0,0.0005724507357419777,0.49043999999999993,6,13109845.0,25.012897491455078,6.641524791717529
22979,0.0,0.0005781752430993975,0.4904199999999999,4,3098539.0,24.889177322387695,10.432479858398438
22980,0.0,0.0005839569955303915,0.4903999999999999,4,83842760.0,24.697528839111328,9.032270431518555
22981,0.0,0.0005897965654856953,0.4903799999999999,4,41520600.0,24.184814453125,5.331635475158691
22982,0.0,0.000636980290724551,0.4903599999999999,6,353945344.0,23.67001724243164,8.089401245117188
22983,0.0,0.000636980290724551,0.49033999999999994,3,4918152.5,23.217681884765625,1.9250377416610718
22984,0.0,0.0006306104878173054,0.4903199999999999,2,18894306.0,22.960886001586914,5.56889009475708
22985,0.0,0.0006369165926954785,0.4902999999999999,4,86434.890625,22.653484344482422,2.3154959678649902
22986,2928391.669999987,0.000546821465338287,0.49027999999999994,6,197382816.0,22.168560028076172,3.974663257598877
22987,2322289.7899999875,0.0005522896799916698,0.4902599999999999,4,10985656.0,19.185243606567383,11.879100799560547
22988,784479.6399999892,0.0005357209895919197,0.4902399999999999,1,42545040.0,19.18464469909668,9.456117630004883
22989,494753.5199999891,0.0005303637796960005,0.49021999999999993,2,26169746.0,19.182390213012695,12.334192276000977
22990,0.0,0.0004879346773203205,0.4901999999999999,0,8994755.0,19.182798385620117,4.7146897315979
22991,0.0,0.0004830553305471173,0.4901799999999999,2,39469256.0,19.18464469909668,4.0299272537231445
22992,0.0,0.00046856367063070377,0.49015999999999993,1,26045770.0,22.9714298248291,12.517334938049316
22993,0.0,0.0004310785769802475,0.4901399999999999,0,24180336.0,22.934587478637695,5.138352870941162
22994,0.0,0.0004310785769802475,0.49011999999999994,3,36608632.0,22.854557037353516,5.251364707946777
22995,0.0,0.00041814621967084005,0.4900999999999999,1,4243997.0,24.61803436279297,4.713369369506836
22996,0.0,0.00043069060626096527,0.4900799999999999,5,146718224.0,24.67616844177246,3.3367362022399902
22997,0.0,0.00042638370019835564,0.49005999999999994,2,13385350.0,24.851104736328125,3.030710458755493
22998,0.0,0.00041359218919240497,0.4900399999999999,1,111588992.0,25.313566207885742,4.653232574462891
22999,0.0,0.00042599995486817713,0.4900199999999999,5,189937408.0,25.501361846923828,3.997028350830078
23000,0.0,0.0004387799535142225,0.48999999999999994,5,12414820.0,25.203571319580078,5.210847854614258
23001,0.0,0.00045194335211964915,0.4899799999999999,5,8444203.0,25.05128288269043,8.958660125732422
23002,0.0,0.00043838505155605967,0.4899599999999999,1,4637347.0,24.811199188232422,3.981785774230957
23003,0.0,0.0004252335000093779,0.48993999999999993,1,2264812.0,24.94034767150879,2.977128028869629
23004,0.0,0.0004209811650092841,0.4899199999999999,2,463393.8125,24.65260887145996,5.334385395050049
23005,0.0,0.00040835173005900554,0.4898999999999999,1,139637168.0,24.32915687561035,4.706151962280273
23006,0.0,0.0004042682127584155,0.4898799999999999,2,5374044.5,24.210050582885742,9.669476509094238
23007,0.0,0.0004002255306308313,0.4898599999999999,2,21654732.0,23.967060089111328,9.299002647399902
23008,0.0,0.00038821876471190634,0.48983999999999994,1,2159354.75,23.901880264282227,5.128567218780518
23009,0.0,0.00038433657706478727,0.4898199999999999,2,496347.5,24.032756805419922,4.299920558929443
23010,0.0,0.0003804932112941394,0.4897999999999999,2,5661501.5,24.086877822875977,6.094639778137207
23011,0.0,0.000376688279181198,0.48977999999999994,2,18401986.0,24.201499938964844,7.996902942657471
23012,0.0,0.00038798892755663396,0.4897599999999999,5,47927752.0,24.31773567199707,10.079506874084473
23013,0.0,0.00035694981335210324,0.4897399999999999,0,180272.5,24.369049072265625,6.505692481994629
23014,0.0,0.000328393828283935,0.48971999999999993,0,1294282.25,24.560232162475586,16.856910705566406
23015,0.0,0.000328393828283935,0.4896999999999999,3,6484066.0,24.582000732421875,4.208035945892334
23016,0.0,0.0003546653345466498,0.4896799999999999,6,34673012.0,24.3808650970459,11.134346008300781
23017,0.0,0.0003440253745102503,0.48965999999999993,1,193277712.0,24.279571533203125,4.340871810913086
23018,0.0,0.0003440253745102503,0.4896399999999999,3,13594801.0,24.374120712280273,7.1900200843811035
23019,0.0,0.0003405851207651478,0.48961999999999994,2,7810659.5,24.23142433166504,12.501208305358887
23020,0.0,0.0003303675671421934,0.4895999999999999,1,19803580.0,23.99738883972168,10.845067977905273
23021,0.0,0.0003336712428136153,0.4895799999999999,4,16992968.0,23.76813507080078,12.509313583374023
23022,0.0,0.00033033453038547913,0.48955999999999994,2,2887002.0,23.616546630859375,8.749839782714844
23023,0.0,0.0003270311850816243,0.4895399999999999,2,12053684.0,23.66046714782715,5.932249546051025
23024,0.0,0.00033684212063407305,0.4895199999999999,5,34297368.0,23.74757194519043,10.569531440734863
23025,0.0,0.0003334736994277323,0.48949999999999994,2,3051185.5,24.000396728515625,3.246903419494629
23026,0.0,0.000330138962433455,0.4894799999999999,2,34740828.0,24.28501319885254,8.29017448425293
23027,0.0,0.0003565500794281314,0.4894599999999999,6,5550720.5,24.55818748474121,5.102390289306641
23028,0.0,0.00038507408578238196,0.48943999999999993,6,186905168.0,24.848432540893555,3.4032535552978516
23029,0.0,0.00039662630835585346,0.4894199999999999,5,166473360.0,25.08403778076172,4.167380332946777
23030,0.0,0.00042835641302432174,0.4893999999999999,6,6864968.0,25.234460830688477,7.561494827270508
23031,0.0,0.0004412071054150514,0.4893799999999999,5,8755570.0,25.348337173461914,4.3639116287231445
23032,0.0,0.00043679503436090087,0.4893599999999999,2,7915564.0,25.347951889038086,4.433934211730957
23033,0.0,0.00047173863710977295,0.48933999999999994,6,7829860.0,25.35566520690918,4.019260406494141
23034,0.0,0.00047645602348087067,0.4893199999999999,4,2880471.75,25.192052841186523,10.317885398864746
23035,0.0,0.0004907497041852968,0.4892999999999999,5,30265242.0,24.981487274169922,7.984333515167236
23036,0.0,0.0004907497041852968,0.48927999999999994,3,3753768.75,24.66090965270996,9.845097541809082
23037,0.0,0.00047602721305973794,0.4892599999999999,1,12755578.0,24.403331756591797,2.708076000213623
23038,0.0,0.00047126694092914056,0.4892399999999999,2,5316167.5,24.13330841064453,10.061062812805176
23039,0.0,0.0004571289327012663,0.48921999999999993,1,53713936.0,23.913522720336914,4.842865943908691
23040,0.0,0.00045255764337425364,0.4891999999999999,2,1746359.125,23.7562255859375,9.76550006866455
23041,0.0,0.0004887622548441939,0.4891799999999999,6,128760672.0,23.697418212890625,6.69978666305542
23042,0.0,0.0004887622548441939,0.48915999999999993,3,4925534.0,23.704437255859375,9.614703178405762
23043,0.0,0.00048387463229575197,0.4891399999999999,2,22816344.0,23.903892517089844,5.4894208908081055
23044,0.0,0.0004790358859727944,0.48911999999999994,2,6112734.5,24.034452438354492,12.521041870117188
23045,0.0,0.0004790358859727944,0.4890999999999999,3,37672912.0,24.168148040771484,6.238835334777832
23046,0.0,0.0004838262448325224,0.4890799999999999,4,50992.65234375,24.243938446044922,9.221227645874023
23047,0.0,0.00047898798238419716,0.48905999999999994,2,13212738.0,24.411527633666992,4.020448684692383
23048,0.0,0.0004646183429126712,0.4890399999999999,1,1303824.375,24.589942932128906,7.87623405456543
23049,0.0,0.0004599721594835445,0.4890199999999999,2,6971245.5,24.64506721496582,10.410096168518066
23050,0.0,0.0004599721594835445,0.48899999999999993,3,111450248.0,24.659828186035156,6.497008323669434
23051,0.0,0.00046457188107837995,0.4889799999999999,4,360227232.0,24.52621078491211,13.055015563964844
23052,0.0,0.00047850903751073135,0.4889599999999999,5,1773989.5,24.388002395629883,9.442426681518555
23053,0.0,0.0004928643086360533,0.48893999999999993,5,3930016.25,24.269182205200195,7.698406219482422
23054,0.0,0.0005076502378951349,0.4889199999999999,5,21288550.0,24.215221405029297,7.169934272766113
23055,0.0,0.000522879745031989,0.4888999999999999,5,219041.6875,24.08561134338379,9.197141647338867
23056,0.0,0.0005385661373829486,0.4888799999999999,5,56672364.0,24.050466537475586,4.5266642570495605
23057,0.0,0.0005547231215044371,0.4888599999999999,5,274717.9375,24.10629653930664,6.593348979949951
23058,0.0,0.0005991009712247921,0.48883999999999994,6,10594714.0,24.22008514404297,7.367806434631348
23059,0.0,0.0006470290489227755,0.4888199999999999,6,7685292.0,24.34269905090332,6.206115245819092
23060,0.0,0.0006987913728365976,0.4887999999999999,6,1461216.75,24.43347930908203,10.911179542541504
23061,0.0,0.0007546946826635254,0.48877999999999994,6,345260480.0,24.52232551574707,8.318705558776855
23062,0.0,0.0007546946826635254,0.4887599999999999,3,31512546.0,24.62395477294922,8.028918266296387
23063,0.0,0.0008150702572766074,0.4887399999999999,6,38431888.0,24.736040115356445,8.757794380187988
23064,0.0,0.0008150702572766074,0.48871999999999993,3,7509248.0,24.767837524414062,5.581025123596191
23065,0.0,0.0008069195547038414,0.4886999999999999,2,578643.25,24.894771575927734,3.586486577987671
23066,0.0,0.0008714731190801487,0.4886799999999999,6,7702143.0,24.94694709777832,6.995903015136719
23067,0.0,0.0008714731190801487,0.4886599999999999,3,4906728.0,24.902183532714844,3.6744699478149414
23068,0.0,0.0008714731190801487,0.4886399999999999,3,72353584.0,24.89470672607422,3.1178078651428223
23069,0.0,0.0008801878502709503,0.48861999999999994,4,62174784.0,24.629032135009766,16.673633575439453
23070,0.0,0.0008889897287736598,0.4885999999999999,4,341497472.0,24.369731903076172,6.747404098510742
23071,0.0,0.0009601089070755526,0.4885799999999999,6,4371190.0,24.18923568725586,6.43634033203125
23072,0.0,0.0009889121742878192,0.48855999999999994,5,9207268.0,24.05689239501953,4.507234573364258
23073,0.0,0.0009988012960306975,0.4885399999999999,4,8773032.0,24.014190673828125,6.972377777099609
23074,0.0,0.0010087893089910044,0.4885199999999999,4,24875748.0,24.05604362487793,4.849792003631592
23075,0.0,0.0009987014159010944,0.48849999999999993,2,13190057.0,24.1466007232666,6.641884803771973
23076,0.0,0.0009687403734240616,0.4884799999999999,1,146388992.0,24.09881019592285,8.658279418945312
23077,0.0,0.0009784277771583022,0.4884599999999999,4,27746672.0,23.911731719970703,3.3725531101226807
23078,0.0,0.0009490749438435531,0.48843999999999993,1,360002176.0,23.56913185119629,9.19653034210205
23079,0.0,0.0009585656932819887,0.4884199999999999,4,2494452.25,23.425357818603516,2.453850746154785
23080,4961987.440000007,0.0006155776196224946,0.48839999999999995,6,418530688.0,23.178102493286133,4.050079822540283
23081,3627741.1300000073,0.0006648238291922942,0.4883799999999999,6,46017416.0,19.29280662536621,7.324023723602295
23082,2629498.3900000076,0.0006581755909003713,0.4883599999999999,2,13174800.0,19.295406341552734,4.817868232727051
23083,636684.7400000107,0.0006055215436283416,0.48833999999999994,0,38916848.0,19.297910690307617,4.615746974945068
23084,354341.6100000109,0.0006236871899371919,0.4883199999999999,5,17865892.0,19.297866821289062,12.109170913696289
23085,0.0,0.0006423978056353077,0.4882999999999999,5,9597945.0,19.298919677734375,2.009244680404663
23086,0.0,0.0006423978056353077,0.48827999999999994,3,320851296.0,19.300758361816406,3.7521519660949707
23087,0.0,0.0006423978056353077,0.4882599999999999,3,16206570.0,24.096294403076172,3.01737117767334
23088,0.0,0.0006231258714662484,0.4882399999999999,1,6594678.5,24.34547233581543,7.224127769470215
23089,0.0,0.0005732758017489486,0.48821999999999993,0,21821224.0,24.450416564941406,9.226917266845703
23090,0.0,0.0005904740758014171,0.4881999999999999,5,526070.5625,24.17522621154785,5.918159484863281
23091,0.0,0.0006377120018655305,0.4881799999999999,6,4513441.0,23.78303337097168,4.897879600524902
23092,0.0,0.0006377120018655305,0.4881599999999999,3,21390236.0,23.591766357421875,7.0480637550354
23093,0.0,0.0006313348818468753,0.4881399999999999,2,44644928.0,23.906339645385742,4.626279830932617
23094,0.0,0.0005808280912991253,0.48811999999999994,0,119830504.0,24.00861167907715,5.03853702545166
23095,0.0,0.000575019810386134,0.4880999999999999,2,16810896.0,24.18239402770996,8.910806655883789
23096,0.0,0.0006210213952170248,0.4880799999999999,6,5626226.5,24.01114845275879,5.455866813659668
23097,0.0,0.0006707031068343869,0.48805999999999994,6,10880498.0,23.750118255615234,5.9826555252075195
23098,0.0,0.000663996075766043,0.4880399999999999,2,11413894.0,23.974014282226562,1.5917631387710571
23099,0.0,0.0006108763897047596,0.4880199999999999,0,4865563.5,24.414867401123047,10.145855903625488
23100,0.0,0.0005925500980136167,0.48799999999999993,1,204573024.0,24.69598960876465,5.8168044090271
23101,0.0,0.0006103266009540253,0.4879799999999999,5,40852484.0,24.69504737854004,3.4650697708129883
23102,0.0,0.0006286363989826461,0.4879599999999999,5,5700170.0,24.38646125793457,7.681159973144531
23103,0.0,0.0006474954909521255,0.48793999999999993,5,61451412.0,24.417743682861328,2.2938408851623535
23104,0.0,0.0006539704458616468,0.4879199999999999,4,487772.59375,24.371896743774414,10.175881385803223
23105,0.0,0.0006343513324857974,0.48789999999999994,1,110041392.0,24.36329460144043,6.941205024719238
23106,0.0,0.0006280078191609394,0.4878799999999999,2,3885568.75,24.459957122802734,5.104176998138428
23107,0.0,0.0006280078191609394,0.4878599999999999,3,4752174.0,24.413917541503906,5.115406036376953
23108,0.0,0.0006342878973525488,0.48783999999999994,4,15810099.0,24.383453369140625,3.159909248352051
23109,0.0,0.0006406307763260743,0.4878199999999999,4,104982896.0,24.33782196044922,8.204726219177246
23110,0.0,0.0006342244685628135,0.4877999999999999,2,110581104.0,24.323394775390625,8.243358612060547
23111,0.0,0.0006405667132484416,0.48777999999999994,4,126663592.0,24.493928909301758,2.165130853652954
23112,0.0,0.0006469723803809261,0.4877599999999999,4,22268.517578125,24.460948944091797,6.225421905517578
23113,0.0,0.0006469723803809261,0.4877399999999999,3,349810816.0,24.621498107910156,2.8584699630737305
23114,0.0,0.000595214589950452,0.48771999999999993,0,336743040.0,24.70371437072754,13.176310539245605
23115,0.0,0.0006130710276489657,0.4876999999999999,5,291253984.0,24.696697235107422,11.35412311553955
23116,0.0,0.000606940317372476,0.4876799999999999,2,80992416.0,24.51782989501953,8.662126541137695
23117,0.0,0.0006251485268936503,0.4876599999999999,5,16626090.0,24.52944564819336,7.672305583953857
23118,0.0,0.0006063940710868407,0.4876399999999999,1,204959.046875,24.52623176574707,5.152146339416504
23119,0.0,0.000624585893219446,0.48761999999999994,5,105126600.0,24.593036651611328,9.208477973937988
23120,0.0,0.0006183400342872515,0.4875999999999999,2,16201894.0,24.59743309020996,1.0692689418792725
23121,0.0,0.000612156633944379,0.4875799999999999,2,252138.53125,24.764339447021484,5.892968654632568
23122,0.0,0.0006305213329627103,0.48755999999999994,5,2584616.5,24.865684509277344,3.942640781402588
23123,0.0,0.0006242161196330832,0.4875399999999999,2,8213384.5,24.920669555664062,7.955794811248779
23124,0.0,0.0006179739584367523,0.4875199999999999,2,26164962.0,24.929357528686523,12.371909141540527
23125,0.0,0.0006365131771898549,0.48749999999999993,5,14857934.0,24.899415969848633,6.379790306091309
23126,0.0,0.0006301480454179564,0.4874799999999999,2,1019993.0625,24.90851402282715,1.2625651359558105
23127,0.0,0.000649052486780495,0.4874599999999999,5,445840.90625,24.92278289794922,5.799917697906494
23128,0.0,0.0006685240613839099,0.48743999999999993,5,98670.9609375,24.85048484802246,4.596714019775391
23129,0.0,0.0006885797832254271,0.4874199999999999,5,73986392.0,24.75860595703125,7.566054821014404
23130,0.0,0.0006679223897286643,0.48739999999999994,1,94306.9921875,24.570728302001953,9.502893447875977
23131,0.0,0.0006612431658313777,0.4873799999999999,2,6254920.0,24.48863410949707,5.744596004486084
23132,0.0,0.0006414058708564363,0.4873599999999999,1,16712665.0,24.46333122253418,3.5424327850341797
23133,0.0,0.0006221636947307432,0.48733999999999994,1,19320440.0,24.379175186157227,11.224504470825195
23134,0.0,0.0006034987838888209,0.4873199999999999,1,40565524.0,24.35005760192871,8.176687240600586
23135,0.0,0.0005853938203721562,0.4872999999999999,1,98613.2421875,24.36332130432129,6.550746917724609
23136,0.0,0.0006322253260019287,0.48727999999999994,6,163186384.0,24.446548461914062,3.5885119438171387
23137,0.0,0.0006322253260019287,0.4872599999999999,3,1710103.125,24.50666046142578,4.000661373138428
23138,0.0,0.0006259030727419094,0.4872399999999999,2,135806448.0,24.616092681884766,6.775867938995361
23139,0.0,0.0006196440420144903,0.48721999999999993,2,2765668.75,24.653152465820312,13.038527488708496
23140,0.0,0.0006196440420144903,0.4871999999999999,3,19381784.0,24.59872817993164,10.768157958984375
23141,0.0,0.0006196440420144903,0.4871799999999999,3,8824893.0,24.506961822509766,6.482166767120361
23142,0.0,0.0006382333632749251,0.4871599999999999,5,77944696.0,24.480690002441406,3.9571762084960938
23143,0.0,0.0006892920323369192,0.4871399999999999,6,2898028.25,24.487470626831055,1.8299556970596313
23144,0.0,0.0007099707933070267,0.48711999999999994,5,118536088.0,24.46222686767578,8.299705505371094
23145,0.0,0.0007667684567715889,0.4870999999999999,6,412191.28125,24.381404876708984,9.530800819396973
23146,0.0,0.000759100772203873,0.4870799999999999,2,19898852.0,24.338747024536133,6.154694557189941
23147,0.0,0.0007515097644818342,0.48705999999999994,2,10914108.0,24.27448272705078,6.983091354370117
23148,0.0,0.0007439946668370158,0.4870399999999999,2,209946080.0,24.241580963134766,6.45634651184082
23149,0.0,0.0008035142401839772,0.4870199999999999,6,180347664.0,24.31890869140625,4.989635467529297
23150,0.0,0.0007794088129784579,0.48699999999999993,1,322436640.0,24.39043426513672,5.292102336883545
23151,0.0,0.0007716147248486733,0.4869799999999999,2,5913505.5,24.647096633911133,4.622383117675781
23152,0.0,0.0007638985776001865,0.4869599999999999,2,41623896.0,24.874492645263672,5.1639838218688965
23153,0.0,0.0007562595918241846,0.48693999999999993,2,6635726.5,25.095474243164062,1.6393908262252808
23154,0.0,0.0007562595918241846,0.4869199999999999,3,12996961.0,25.25709342956543,9.58105182647705
23155,0.0,0.0007562595918241846,0.48689999999999994,3,103896256.0,25.421066284179688,4.374324798583984
23156,0.0,0.0007789473795789102,0.4868799999999999,5,316283520.0,25.4801082611084,5.717486381530762
23157,0.0,0.0007711579057831211,0.4868599999999999,2,22670778.0,25.340373992919922,9.75399112701416
23158,0.0,0.0007711579057831211,0.48683999999999994,3,21606992.0,25.1408634185791,10.786535263061523
23159,0.0,0.0007711579057831211,0.4868199999999999,3,36962880.0,24.917776107788086,4.187249183654785
23160,0.0,0.0007711579057831211,0.4867999999999999,3,454234.15625,24.66855239868164,7.068111896514893
23161,0.0,0.0007788694848409523,0.48677999999999993,4,38633080.0,24.419816970825195,5.877955436706543
23162,0.0,0.0007710807899925428,0.4867599999999999,2,5269868.5,24.25210952758789,4.8683085441589355
23163,0.0,0.0007479483662927665,0.4867399999999999,1,1338134.125,24.05300521850586,10.996516227722168
23164,0.0,0.0007479483662927665,0.48671999999999993,3,274980.96875,24.011024475097656,3.058006763458252
23165,0.0,0.0007479483662927665,0.4866999999999999,3,9220877.0,24.200363159179688,4.380946636199951
23166,0.0,0.0008077842355961879,0.4866799999999999,6,400301.5,24.43648910522461,4.149211883544922
23167,0.0,0.0008158620779521498,0.4866599999999999,4,305100416.0,24.752286911010742,2.54717755317688
23168,0.0,0.0008240206987316713,0.4866399999999999,4,39995904.0,25.081567764282227,0.8860659599304199
23169,0.0,0.0007993000777697212,0.48661999999999994,1,47663100.0,25.210281372070312,7.418411731719971
23170,0.0,0.0008072930785474184,0.4865999999999999,4,380017440.0,24.937347412109375,4.804579734802246
23171,4856430.770000009,0.0005817748619238488,0.4865799999999999,3,19965834.0,24.527191162109375,10.38723087310791
23172,3408713.8200000077,0.0005817748619238488,0.48655999999999994,3,5510716.5,19.326539993286133,3.400218963623047
23173,3008809.6800000076,0.0005643216160661333,0.4865399999999999,1,34088448.0,19.324127197265625,1.1933008432388306
23174,0.0,0.0005812512645481173,0.4865199999999999,5,17599276.0,19.32343864440918,7.588028430938721
23175,0.0,0.000534751163384268,0.48649999999999993,0,6030715.0,19.325294494628906,3.891063928604126
23176,0.0,0.000534751163384268,0.4864799999999999,3,320898.28125,20.21787452697754,10.59051513671875
23177,0.0,0.0004919710703135266,0.4864599999999999,0,2530027.25,23.541379928588867,1.1140525341033936
23178,0.0,0.0004526133846884445,0.48643999999999993,0,13306066.0,21.770490646362305,4.550993919372559
23179,0.0,0.0004526133846884445,0.4864199999999999,3,3841567.5,22.37522315979004,11.384688377380371
23180,0.0,0.00045713951853532895,0.48639999999999994,4,16692553.0,23.999910354614258,8.377936363220215
23181,0.0,0.00042056835705250265,0.4863799999999999,0,333747168.0,23.672780990600586,11.530463218688965
23182,0.0,0.00038692288848830245,0.4863599999999999,0,8759616.0,23.315895080566406,5.752993106842041
23183,0.0,0.0003830536596034194,0.48633999999999994,2,1187359.25,23.73712921142578,8.890745162963867
23184,0.0,0.000413697952371693,0.4863199999999999,6,22894656.0,23.88412094116211,9.696945190429688
23185,0.0,0.00044679378856142847,0.4862999999999999,6,31183612.0,23.70374298095703,5.044264793395996
23186,0.0,0.00048253729164634277,0.48627999999999993,6,12562493.0,23.858837127685547,9.51982307434082
23187,0.0,0.00047771191872987936,0.4862599999999999,2,9460055.0,24.141693115234375,2.920534133911133
23188,0.0,0.0005159288722282698,0.4862399999999999,6,45091144.0,24.72760772705078,7.805516719818115
23189,0.0,0.0005004510060614217,0.48621999999999993,1,14723669.0,24.64242172241211,6.553389072418213
23190,0.0,0.0005404870865463355,0.4861999999999999,6,328825312.0,25.056625366210938,12.088703155517578
23191,0.0,0.0005837260534700424,0.4861799999999999,6,8143451.5,24.715309143066406,3.0990278720855713
23192,0.0,0.0006304241377476458,0.4861599999999999,6,105789824.0,24.670448303222656,6.671930313110352
23193,0.0,0.0006493368618800753,0.4861399999999999,5,35608128.0,24.51519012451172,8.792189598083496
23194,0.0,0.000655830230498876,0.48611999999999994,4,30226606.0,24.443702697753906,3.7122268676757812
23195,0.0,0.0006492719281938872,0.4860999999999999,2,15951275.0,24.34416961669922,10.706233978271484
23196,0.0,0.0006427792089119483,0.4860799999999999,2,40781448.0,24.29428482055664,7.572457313537598
23197,0.0,0.0006363514168228288,0.48605999999999994,2,5773982.0,24.192691802978516,5.857104778289795
23198,0.0,0.0006299879026546005,0.4860399999999999,2,9359380.0,24.09766387939453,7.394098281860352
23199,0.0,0.0006236880236280545,0.4860199999999999,2,11309314.0,24.055194854736328,6.965548515319824
23200,0.0,0.000617451143391774,0.48599999999999993,2,23976770.0,24.171260833740234,2.6571741104125977
23201,0.0,0.000666847234863116,0.4859799999999999,6,1785183.25,24.394546508789062,1.7233086824417114
23202,0.0,0.0006468418178172225,0.4859599999999999,1,1061476.0,24.43663215637207,4.873951435089111
23203,0.0,0.0006985891632426003,0.4859399999999999,6,167289568.0,24.78938865661621,7.984160423278809
23204,0.0,0.0006427020301831923,0.4859199999999999,0,8969510.0,24.645214080810547,6.087893486022949
23205,0.0,0.0005912858677685369,0.48589999999999994,0,38412324.0,24.87320327758789,5.093079566955566
23206,0.0,0.0006385887371900199,0.4858799999999999,6,18379904.0,24.864524841308594,8.237890243530273
23207,0.0,0.0005875016382148184,0.4858599999999999,0,34179732.0,24.777137756347656,3.5858771800994873
23208,0.0,0.0005405015071576329,0.48583999999999994,0,3552281.0,24.848628997802734,6.236940860748291
23209,0.0,0.0005837416277302436,0.4858199999999999,6,170063680.0,24.847795486450195,1.4603279829025269
23210,0.0,0.000589579044007546,0.4857999999999999,4,3891306.75,24.756925582885742,5.427755355834961
23211,0.0,0.000589579044007546,0.48577999999999993,3,6762962.0,24.74175262451172,5.724519729614258
23212,0.0,0.0005424127204869424,0.4857599999999999,0,6557468.0,24.793899536132812,1.75075364112854
23213,0.0,0.0005424127204869424,0.4857399999999999,3,140946544.0,24.87803840637207,4.501243591308594
23214,0.0,0.0005424127204869424,0.48571999999999993,3,178604464.0,24.875015258789062,6.544186592102051
23215,0.0,0.000536988593282073,0.4856999999999999,2,113179736.0,24.793106079101562,8.327471733093262
23216,0.0,0.000536988593282073,0.48567999999999995,3,6622652.0,24.58161163330078,12.314864158630371
23217,0.0,0.0004940295058195072,0.4856599999999999,0,259678432.0,24.47964859008789,2.562138795852661
23218,0.0,0.0005335518662850677,0.4856399999999999,6,28745732.0,24.447795867919922,5.310304641723633
23219,0.0,0.0005762360155878732,0.48561999999999994,6,4807397.5,24.479124069213867,2.2330429553985596
23220,0.0,0.0005704736554319944,0.4855999999999999,2,62015588.0,24.603837966918945,6.789398670196533
23221,0.0,0.0005647689188776745,0.4855799999999999,2,96782512.0,24.75298309326172,4.342403411865234
23222,0.0,0.0005591212296888977,0.48555999999999994,2,43573508.0,24.932287216186523,2.881105661392212
23223,0.0,0.0005758948665795646,0.4855399999999999,5,11514659.0,25.08766746520996,3.0415453910827637
23224,0.0,0.0005758948665795646,0.4855199999999999,3,225187488.0,25.06705093383789,11.54738712310791
23225,0.0,0.0006219664559059298,0.48549999999999993,6,23466692.0,24.924278259277344,9.089190483093262
23226,0.0,0.0006406254495831077,0.4854799999999999,5,2992002.25,24.689029693603516,6.377590179443359
23227,0.0,0.0006342191950872766,0.4854599999999999,2,24113340.0,24.46604347229004,5.414741039276123
23228,0.0,0.0006278770031364039,0.4854399999999999,2,9521744.0,24.33449935913086,4.683800220489502
23229,0.0,0.0006215982331050398,0.4854199999999999,2,329788672.0,24.163166046142578,10.141593933105469
23230,0.0,0.000671326091753443,0.48539999999999994,6,7427585.5,24.06147003173828,11.109325408935547
23231,0.0,0.0006176200044131676,0.4853799999999999,0,159398832.0,23.97307586669922,8.007492065429688
23232,0.0,0.0005682104040601142,0.4853599999999999,0,7233361.5,24.030603408813477,6.870100021362305
23233,0.0,0.0005682104040601142,0.48533999999999994,3,24748066.0,24.05076789855957,6.8306379318237305
23234,0.0,0.0005227535717353051,0.4853199999999999,0,7286378.5,24.148408889770508,7.450860977172852
23235,0.0,0.0004809332859964807,0.4852999999999999,0,5349751.0,24.27386474609375,9.628561973571777
23236,0.0,0.00044245862311676225,0.48527999999999993,0,255650384.0,24.3900203704834,7.7733683586120605
23237,0.0,0.0004070619332674213,0.4852599999999999,0,106381240.0,24.479066848754883,12.058391571044922
23238,0.0,0.00041927379126544396,0.4852399999999999,5,31384840.0,24.556121826171875,7.2340521812438965
23239,0.0,0.0004234665291780984,0.48521999999999993,4,5104593.0,24.51453399658203,11.105222702026367
23240,0.0,0.0004277011944698794,0.4851999999999999,4,1676531.25,24.571847915649414,6.2813720703125
23241,0.0,0.00039348509891228906,0.48517999999999994,0,128144368.0,24.59126091003418,6.219932556152344
23242,0.0,0.00038955024792316616,0.4851599999999999,2,8379419.0,24.751354217529297,3.319429874420166
23243,0.0,0.00040123675536086117,0.4851399999999999,5,342007520.0,24.780485153198242,7.078179836273193
23244,0.0,0.00041327385802168704,0.48511999999999994,5,27883432.0,24.834867477416992,3.515535831451416
23245,0.0,0.0003802119493799521,0.4850999999999999,0,10566402.0,24.8808650970459,6.887794494628906
23246,0.0,0.00037640982988615255,0.4850799999999999,2,4818264.0,24.94390106201172,7.719858169555664
23247,0.0,0.0004065226162770448,0.48505999999999994,6,169182992.0,24.95810317993164,3.2808616161346436
23248,0.0,0.0003740008069748812,0.4850399999999999,0,136400688.0,24.929344177246094,6.244814872741699
23249,0.0,0.0003740008069748812,0.4850199999999999,3,170036288.0,24.992645263671875,4.086156845092773
23250,0.0,0.0003740008069748812,0.48499999999999993,3,115450192.0,24.992427825927734,4.547772407531738
23251,0.0,0.00040392087153287175,0.4849799999999999,6,343181696.0,24.96200942993164,5.452280044555664
23252,0.0,0.00040796008024820046,0.4849599999999999,4,2809150.25,24.916460037231445,4.682883262634277
23253,0.0,0.00044059688666805654,0.4849399999999999,6,114458032.0,24.899194717407227,8.73730754852295
23254,0.0,0.0004758446376015011,0.4849199999999999,6,5158114.5,24.758197784423828,8.008129119873047
23255,0.0,0.0004758446376015011,0.48489999999999994,3,8662985.0,24.661977767944336,4.363342761993408
23256,0.0,0.00048060308397751615,0.4848799999999999,4,64669476.0,24.652420043945312,4.395854949951172
23257,0.0,0.0004854091148172913,0.4848599999999999,4,5697553.0,24.658876419067383,6.52873420715332
23258,0.0,0.0004708468413727726,0.48483999999999994,1,266374.71875,24.623905181884766,8.502108573913574
23259,0.0,0.00047555530978650034,0.4848199999999999,4,164900064.0,24.43109703063965,11.79119873046875
23260,0.0,0.0004803108628843653,0.4847999999999999,4,5479122.5,24.430246353149414,7.062747955322266
23261,0.0,0.000485113971513209,0.48477999999999993,4,145512592.0,24.062042236328125,8.35181999206543
23262,6477457.080000002,0.0006030280500848484,0.4847599999999999,4,20046264.0,23.73855209350586,7.562735557556152
23263,4335688.91,0.0006211188915873939,0.4847399999999999,5,102983520.0,19.283279418945312,5.11072301864624
23264,2445554.049999998,0.0006397524583350157,0.48471999999999993,5,12493428.0,19.28255271911621,7.48363733291626
23265,1429841.5899999975,0.0006397524583350157,0.4846999999999999,3,527617.375,19.281387329101562,4.085768699645996
23266,792394.9399999973,0.0006205598845849652,0.48467999999999994,1,1167546.125,19.27980613708496,3.573049306869507
23267,162378.94999999763,0.0006143542857391155,0.4846599999999999,2,11418177.0,19.28001594543457,6.183178424835205
23268,0.0,0.000595923657166942,0.4846399999999999,1,37045500.0,19.279850006103516,4.73711633682251
23269,0.0,0.0005482497645935867,0.48461999999999994,0,8614729.0,19.279010772705078,4.69899845123291
23270,0.0,0.0005043897834260998,0.4845999999999999,0,456239.03125,22.98269271850586,4.4612226486206055
23271,0.0,0.0004640386007520118,0.4845799999999999,0,8320250.0,23.33489227294922,7.3855485916137695
23272,0.0,0.0004269155126918509,0.48455999999999994,0,3827398.5,23.624921798706055,7.409755706787109
23273,0.0,0.0003927622716765028,0.4845399999999999,0,7786310.0,23.909555435180664,5.853811264038086
23274,0.0,0.0003927622716765028,0.4845199999999999,3,3421754.75,24.213722229003906,8.014595985412598
23275,0.0,0.0003809794035262077,0.48449999999999993,1,36848392.0,24.213146209716797,4.259904861450195
23276,0.0,0.0003695500214204215,0.4844799999999999,1,26952274.0,24.406238555908203,2.954892635345459
23277,0.0,0.00035846352077780884,0.4844599999999999,1,3984921.25,24.48737335205078,4.693216323852539
23278,0.0,0.0003477096151544746,0.4844399999999999,1,185710.40625,24.51226806640625,12.513740539550781
23279,0.0,0.00033727832669984035,0.4844199999999999,1,311053024.0,24.506452560424805,8.830440521240234
23280,0.0,0.0003473966765008356,0.48439999999999994,5,16987480.0,24.493576049804688,6.975562572479248
23281,0.0,0.0003369747762058105,0.4843799999999999,1,229900160.0,24.07759666442871,15.17894458770752
23282,0.0,0.00034034452396786857,0.4843599999999999,4,333575808.0,24.161304473876953,8.287139892578125
23283,0.0,0.0003131169620504391,0.48433999999999994,0,9948308.0,23.88288688659668,9.252779006958008
23284,0.0,0.00030372345318892594,0.4843199999999999,1,22856068.0,24.181739807128906,4.1519670486450195
23285,0.0,0.00029461174959325814,0.4842999999999999,1,78764344.0,24.235048294067383,3.742342710494995
23286,0.0,0.0003034501020810559,0.48427999999999993,5,83952792.0,24.430347442626953,9.008406639099121
23287,0.0,0.0002791740939145714,0.4842599999999999,0,1762969.75,24.422609329223633,9.239175796508789
23288,0.0,0.00027079887109713425,0.4842399999999999,1,13815946.0,24.72373390197754,12.750946998596191
23289,0.0,0.0002789228372300483,0.48421999999999993,5,2686622.5,24.640560150146484,9.33458423614502
23290,0.0,0.0002566090102516444,0.4841999999999999,0,5172337.5,24.48494529724121,4.774035453796387
23291,0.0,0.00023608028943151286,0.48417999999999994,0,1725043.125,24.80752944946289,4.206540107727051
23292,0.0,0.00021719386627699184,0.4841599999999999,0,25361448.0,24.972612380981445,2.528200387954712
23293,0.0,0.0001998183569748325,0.4841399999999999,0,549702.5,25.01251220703125,9.523401260375977
23294,0.0,0.00020581290768407746,0.48411999999999994,5,224236528.0,24.988176345825195,7.155158042907715
23295,0.0,0.00019963852045355515,0.4840999999999999,1,39636824.0,24.712188720703125,12.259532928466797
23296,0.0,0.00019364936483994848,0.4840799999999999,1,2162825.0,24.59620475769043,10.66366958618164
23297,0.0,0.00019945884578514696,0.48405999999999993,5,22716888.0,24.44014549255371,6.246129512786865
23298,0.0,0.00019347508041159253,0.4840399999999999,1,24624510.0,24.29743003845215,1.7958524227142334
23299,0.0,0.00019347508041159253,0.4840199999999999,3,14539014.0,24.396984100341797,3.278286933898926
23300,0.0,0.00018767082799924474,0.48399999999999993,1,196056528.0,24.375137329101562,6.5657548904418945
23301,0.0,0.00019330095283922208,0.4839799999999999,5,289113.40625,24.409160614013672,3.195420980453491
23302,0.0,0.00019523396236761432,0.4839599999999999,4,1929294.0,24.413095474243164,4.525235176086426
23303,0.0,0.00019718630199129047,0.4839399999999999,4,311227584.0,24.5195255279541,3.9811949729919434
23304,0.0,0.00019915816501120338,0.4839199999999999,4,39820128.0,24.656503677368164,4.692289352416992
23305,0.0,0.00020114974666131543,0.48389999999999994,4,25513374.0,24.85687255859375,1.952195167541504
23306,0.0,0.00020316124412792858,0.4838799999999999,4,170545232.0,24.976957321166992,3.4786646366119385
23307,0.0,0.0001869083445976943,0.4838599999999999,0,56246412.0,24.967538833618164,8.75391960144043
23308,0.0,0.00018877742804367125,0.48383999999999994,4,4167197.75,24.842510223388672,11.71237564086914
23309,0.0,0.00019066520232410798,0.4838199999999999,4,5792783.5,24.606769561767578,4.8209967613220215
23310,0.0,0.00019257185434734905,0.4837999999999999,4,695606.5,24.418527603149414,4.210912704467773
23311,0.0,0.00019449757289082253,0.48377999999999993,4,5885808.0,24.31478500366211,3.1210713386535645
23312,0.0,0.00019449757289082253,0.4837599999999999,3,349627968.0,24.259510040283203,5.837525844573975
23313,0.0,0.0001925525971619143,0.4837399999999999,2,338604160.0,24.28792953491211,9.02059268951416
23314,0.0,0.00020795680493486746,0.48371999999999993,6,5870485.0,24.315834045410156,8.047192573547363
23315,0.0,0.00019132026054007807,0.4836999999999999,0,170985008.0,24.25480079650879,9.595184326171875
23316,0.0,0.0001970598683562804,0.48367999999999994,5,3088199.5,24.35249137878418,3.558910608291626
23317,0.0,0.0001970598683562804,0.4836599999999999,3,129009000.0,24.445276260375977,5.076419830322266
23318,0.0,0.00020297166440696882,0.4836399999999999,5,355950496.0,24.587257385253906,6.364166259765625
23319,0.0,0.00020906081433917788,0.48361999999999994,5,8253148.5,24.703115463256836,7.767848491668701
23320,0.0,0.00020278898990900253,0.4835999999999999,1,1841703.25,24.772262573242188,7.927762031555176
23321,0.0,0.00020887265960627263,0.4835799999999999,5,21384546.0,24.840557098388672,3.590759754180908
23322,0.0,0.0002151388393944608,0.48355999999999993,5,17383976.0,24.768041610717773,6.86148738861084
23323,0.0,0.00022159300457629463,0.4835399999999999,5,5553688.5,24.646886825561523,8.13355827331543
23324,0.0,0.00022824079471358348,0.4835199999999999,5,5039941.0,24.575042724609375,2.031505823135376
23325,0.0,0.00023508801855499098,0.48349999999999993,5,34646696.0,24.517189025878906,4.085338592529297
23326,0.0,0.00022803537799834125,0.4834799999999999,1,14168883.0,24.4122371673584,8.508770942687988
23327,0.0,0.0002462782082382086,0.4834599999999999,6,5104281.0,24.331958770751953,6.51844596862793
23328,0.0,0.00023888986199106232,0.4834399999999999,1,343220.75,24.269433975219727,5.677633285522461
23329,0.0,0.00023650096337115168,0.4834199999999999,2,5843379.5,24.445598602294922,3.130451202392578
23330,0.0,0.00022940593447001712,0.48339999999999994,1,57683632.0,24.51727867126465,5.440352439880371
23331,0.0,0.0002225237564359166,0.4833799999999999,1,71227136.0,24.582862854003906,5.077650547027588
23332,0.0,0.00020472185592104326,0.4833599999999999,0,7796150.0,24.615201950073242,7.813413143157959
23333,0.0,0.00022109960439472675,0.48333999999999994,6,45329728.0,24.691879272460938,2.4937479496002197
23334,0.0,0.00022109960439472675,0.4833199999999999,3,6241037.0,24.597755432128906,10.76894760131836
23335,0.0,0.00021888860835077948,0.4832999999999999,2,7786580.5,24.447071075439453,13.87789535522461
23336,0.0,0.00021232195010025608,0.48327999999999993,1,77415176.0,24.21735954284668,6.961233615875244
23337,0.0,0.00021444516960125864,0.4832599999999999,4,8116677.5,24.091732025146484,5.293700218200684
23338,0.0,0.00020801181451322087,0.4832399999999999,1,8245428.5,23.979171752929688,8.92442512512207
23339,0.0,0.00021009193265835309,0.4832199999999999,4,4899788.5,23.974275588989258,5.048299789428711
23340,0.0,0.00020799101333176956,0.4831999999999999,2,292562560.0,24.02759552001953,7.450484752655029
23341,0.0,0.00020591110319845187,0.48317999999999994,2,21679924.0,24.2139835357666,5.595568656921387
23342,0.0,0.00020591110319845187,0.4831599999999999,3,5492421.5,24.423568725585938,4.625537872314453
23343,0.0,0.0002079702142304364,0.4831399999999999,4,5733259.0,24.600086212158203,8.66610050201416
23344,0.0,0.00021004991637274076,0.48311999999999994,4,3963759.0,24.719511032104492,5.869192600250244
23345,0.0,0.00020794941720901335,0.4830999999999999,2,29008400.0,24.755239486694336,14.8887300491333
23346,0.0,0.0002100289113811035,0.4830799999999999,4,30937508.0,24.767810821533203,6.643080234527588
23347,0.0,0.0002100289113811035,0.48305999999999993,3,80109480.0,24.822710037231445,4.543301582336426
23348,0.0,0.00021212920049491454,0.4830399999999999,4,718391.875,24.839807510375977,2.5061683654785156
23349,0.0,0.0001951588644553214,0.4830199999999999,0,5573897.5,24.85048484802246,1.8830690383911133
23350,0.0,0.0001971104530998746,0.48299999999999993,4,29974136.0,24.6623477935791,6.092450141906738
23351,0.0,0.00019908155763087335,0.4829799999999999,4,13085570.0,24.68362808227539,5.778697490692139
23352,0.0,0.0001831550330204035,0.48295999999999994,0,181227632.0,24.543874740600586,7.154655933380127
23353,0.0,0.00018498658335060753,0.4829399999999999,4,12288997.0,24.081541061401367,6.373386859893799
23354,0.0,0.00018313671751710146,0.4829199999999999,2,176355264.0,23.73120880126953,3.5830628871917725
23355,0.0,0.00018130535034193045,0.48289999999999994,2,29902484.0,23.226123809814453,14.817163467407227
23356,0.0,0.00017949229683851114,0.4828799999999999,2,12582895.0,22.695472717285156,7.715817928314209
23357,0.0,0.0001741075279333558,0.4828599999999999,1,27177494.0,22.219270706176758,3.1660609245300293
23358,4734248.11,0.00059368819645326,0.48283999999999994,6,340566240.0,21.663875579833984,10.273506164550781
23359,3288228.8999999966,0.0006411832521695209,0.4828199999999999,6,332226048.0,19.232585906982422,10.549484252929688
23360,1965261.4999999972,0.0006924779123430825,0.4827999999999999,6,9315651.0,19.23174285888672,7.784457683563232
23361,1281143.4099999983,0.0007478761453305292,0.48277999999999993,6,43441268.0,19.231367111206055,7.89276123046875
23362,0.0,0.000770312429690445,0.4827599999999999,5,192151904.0,19.229400634765625,11.7987642288208
23363,0.0,0.0008319374240656806,0.4827399999999999,6,8108143.5,19.230234146118164,4.533053398132324
23364,0.0,0.0008984924179909351,0.4827199999999999,6,55575176.0,23.629507064819336,8.294929504394531
23365,0.0,0.000871537645451207,0.4826999999999999,1,12949171.0,24.28895378112793,3.5581605434417725
23366,0.0,0.0008976837748147433,0.48267999999999994,5,173917056.0,24.81269645690918,7.332937717437744
23367,0.0,0.0008258690728295639,0.4826599999999999,0,1236562.375,24.768756866455078,7.7795000076293945
23368,0.0,0.0008176103821012682,0.4826399999999999,2,11874490.0,25.11853790283203,1.7257838249206543
23369,0.0,0.0008176103821012682,0.48261999999999994,3,7936488.0,25.405132293701172,2.0051615238189697
23370,0.0,0.0007522015515331668,0.4825999999999999,0,17905152.0,25.45435905456543,1.12416672706604
23371,0.0,0.0008123776756558201,0.4825799999999999,6,7030971.0,25.7034969329834,12.544395446777344
23372,0.0,0.0007880063453861455,0.48255999999999993,1,2606281.25,25.019168853759766,1.8816397190093994
23373,0.0,0.0008116465357477299,0.4825399999999999,5,47561640.0,25.239057540893555,6.059891700744629
23374,0.0,0.0008116465357477299,0.4825199999999999,3,312883520.0,24.572263717651367,5.595003604888916
23375,0.0,0.0008035300703902525,0.48249999999999993,2,5949909.0,24.499555587768555,1.779395580291748
23376,0.0,0.000779424168278545,0.4824799999999999,1,18542488.0,24.37936782836914,5.917293071746826
23377,0.0,0.0008028068933269014,0.48245999999999994,5,105972552.0,24.3293514251709,4.576805591583252
23378,0.0,0.0008028068933269014,0.4824399999999999,3,197247776.0,23.866859436035156,8.97352123260498
23379,0.0,0.0007787226865270943,0.4824199999999999,1,23129640.0,23.936065673828125,5.463848114013672
23380,0.0,0.0007553610059312815,0.48239999999999994,1,98671296.0,24.091262817382812,7.092326641082764
23381,0.0,0.0007327001757533431,0.4823799999999999,1,46319400.0,24.069599151611328,9.198427200317383
23382,0.0,0.0006740841616930756,0.4823599999999999,0,26484972.0,24.071897506713867,7.198361396789551
23383,0.0,0.0006538616368422834,0.48233999999999994,1,586717.0,24.161117553710938,7.323579788208008
23384,0.0,0.0006015527058949008,0.4823199999999999,0,7135850.5,24.170780181884766,4.8565192222595215
23385,0.0,0.0006075682329538498,0.4822999999999999,4,461612.0,24.38471221923828,4.78788948059082
23386,0.0,0.0005893411859652344,0.48227999999999993,1,16428802.0,24.41295051574707,2.7096352577209473
23387,0.0,0.0005421938910880156,0.4822599999999999,0,94510552.0,24.676300048828125,7.711117744445801
23388,0.0,0.0005259280743553751,0.4822399999999999,1,328229984.0,24.787504196166992,3.8207554817199707
23389,0.0,0.0005101502321247138,0.4822199999999999,1,109364816.0,24.743118286132812,12.288022994995117
23390,0.0,0.000515251734445961,0.4821999999999999,4,12781549.0,24.699132919311523,5.056571006774902
23391,0.0,0.00047403159569028413,0.48217999999999994,0,9704864.0,24.603044509887695,8.406957626342773
23392,0.0,0.0004692912797333813,0.4821599999999999,2,10231723.0,24.563434600830078,6.9664201736450195
23393,0.0,0.0004645983669360475,0.4821399999999999,2,44955312.0,24.405441284179688,10.324962615966797
23394,0.0,0.00042743049758116374,0.48211999999999994,0,41912636.0,24.36777687072754,1.3795136213302612
23395,0.0,0.0004317048025569754,0.4820999999999999,4,90283280.0,24.358970642089844,8.912214279174805
23396,0.0,0.00039716841835241737,0.4820799999999999,0,1175829.5,24.376508712768555,2.921391010284424
23397,0.0,0.00039319673416889317,0.48205999999999993,2,22954070.0,24.382808685302734,7.874914646148682
23398,0.0,0.0003892647668272042,0.4820399999999999,2,10083096.0,24.435239791870117,8.455994606018066
23399,0.0,0.00038537211915893216,0.4820199999999999,2,16427848.0,24.51873779296875,5.059823989868164
23400,0.0,0.00038151839796734285,0.48199999999999993,2,805609.6875,24.608657836914062,3.379042148590088
23401,0.0,0.0003777032139876694,0.4819799999999999,2,6508638.5,24.587291717529297,7.645210266113281
23402,0.0,0.0003663721175680393,0.48195999999999994,1,5096894.0,24.506134033203125,9.23967170715332
23403,0.0,0.0003663721175680393,0.4819399999999999,3,456639008.0,24.41398048400879,7.020025253295898
23404,0.0,0.0003773632810950805,0.4819199999999999,5,5298701.5,24.317155838012695,8.380139350891113
23405,0.0,0.0003471742186074741,0.48189999999999994,0,38091892.0,24.283601760864258,5.5212883949279785
23406,0.0,0.0003575894451656983,0.4818799999999999,5,8777013.0,24.337615966796875,5.397793292999268
23407,0.0,0.0003611653396173553,0.4818599999999999,4,257685424.0,24.407672882080078,6.222446918487549
23408,0.0,0.0003575536862211817,0.48183999999999994,2,10689990.0,24.545255661010742,6.184629440307617
23409,0.0,0.0003611292230833935,0.4818199999999999,4,8798531.0,24.759092330932617,1.8557262420654297
23410,0.0,0.00036474051531422744,0.4817999999999999,4,6085018.0,24.819744110107422,12.4061918258667
23411,0.0,0.0003683879204673697,0.48177999999999993,4,74320440.0,24.847095489501953,6.420566082000732
23412,0.0,0.0003720717996720434,0.4817599999999999,4,2495498.0,24.7796573638916,10.18186092376709
23413,0.0,0.0004018375436458069,0.4817399999999999,6,367982.1875,24.78717613220215,3.942408323287964
23414,0.0,0.000405855919082265,0.4817199999999999,4,128345768.0,24.700393676757812,8.772674560546875
23415,0.0,0.00040991447827308763,0.4816999999999999,4,401572352.0,24.670808792114258,2.866535186767578
23416,0.0,0.00044270763653493465,0.48167999999999994,6,174635696.0,24.655242919921875,6.321620941162109
23417,0.0,0.0004559888656309827,0.4816599999999999,5,282298752.0,24.66588020324707,4.989080429077148
23418,0.0,0.00045142897697467285,0.4816399999999999,2,108310768.0,24.679771423339844,4.619738578796387
23419,0.0,0.00048754329513264673,0.48161999999999994,6,1208494.875,24.751373291015625,3.6122546195983887
23420,0.0,0.00048266786218132025,0.4815999999999999,2,170242528.0,24.745574951171875,4.600451946258545
23421,0.0,0.00048749454080313344,0.4815799999999999,4,40843288.0,24.783248901367188,1.8505088090896606
23422,0.0,0.0004826195953951021,0.48155999999999993,2,5872863.5,24.775306701660156,5.557515621185303
23423,0.0,0.0004970981832569551,0.4815399999999999,5,7549942.5,24.737022399902344,6.207113742828369
23424,0.0,0.0004921272014243856,0.4815199999999999,2,1146896.875,24.5070858001709,9.972246170043945
23425,0.0,0.0004921272014243856,0.48149999999999993,3,3048196.25,24.349802017211914,6.365959644317627
23426,0.0,0.0004872059294101417,0.4814799999999999,2,44216704.0,24.057239532470703,12.276978492736816
23427,0.0,0.0004823338701160403,0.48145999999999994,2,7239400.5,23.831653594970703,9.322948455810547
23428,0.0,0.0004775105314148799,0.4814399999999999,2,58640728.0,23.733596801757812,5.511098861694336
23429,0.0,0.0004775105314148799,0.4814199999999999,3,18186944.0,23.766111373901367,7.402419567108154
23430,0.0,0.0004393096889016895,0.48139999999999994,0,12325149.0,23.89633560180664,6.229410648345947
23431,0.0,0.0004437027857907064,0.4813799999999999,4,13164394.0,24.131023406982422,6.137111663818359
23432,0.0,0.0004303917022169852,0.4813599999999999,1,201359312.0,24.339397430419922,11.165029525756836
23433,0.0,0.00044330345328349476,0.48133999999999993,5,315272800.0,24.37958335876465,12.906278610229492
23434,0.0,0.00044330345328349476,0.4813199999999999,3,44344400.0,24.46895980834961,1.1432462930679321
23435,0.0,0.00040783917702081517,0.4812999999999999,0,2078376.75,24.44915771484375,10.777097702026367
23436,0.0,0.00037521204285914997,0.48127999999999993,0,27434758.0,24.314437866210938,6.024905204772949
23437,0.0,0.000345195079430418,0.4812599999999999,0,143517136.0,24.34880256652832,3.121396064758301
23438,0.0,0.00035555093181333054,0.4812399999999999,5,15983078.0,24.380470275878906,5.627023220062256
23439,0.0,0.00036621745976773046,0.4812199999999999,5,319762144.0,24.4617919921875,11.111164093017578
23440,0.0,0.0003955148565491489,0.4811999999999999,6,18675804.0,24.39948844909668,8.224698066711426
23441,0.0,0.00036387366802521703,0.48117999999999994,0,173725280.0,24.44799041748047,7.454520225524902
23442,0.0,0.0003602349313449649,0.4811599999999999,2,9488682.0,24.30000877380371,4.343581199645996
23443,0.0,0.0003602349313449649,0.4811399999999999,3,105218680.0,24.384599685668945,8.995832443237305
23444,0.0,0.0003890537258525621,0.48111999999999994,6,7875399.5,24.493690490722656,2.3116161823272705
23445,0.0,0.0003773821140769852,0.4810999999999999,1,9246924.0,24.66791534423828,4.088822841644287
23446,0.0,0.00037360829293621537,0.4810799999999999,2,191218272.0,24.507068634033203,7.602108955383301
23447,0.0,0.00034371962950131813,0.48105999999999993,0,1584741.625,24.599498748779297,5.153070449829102
23448,0.0,0.0003471568257963313,0.4810399999999999,4,37697568.0,24.518888473510742,7.5142669677734375
23449,0.0,0.00035062839405429464,0.4810199999999999,4,29120894.0,24.413774490356445,5.286184310913086
23450,0.0,0.0003541346779948376,0.4809999999999999,4,49852664.0,23.86577606201172,14.161166191101074
23451,0.0,0.00034351063765499244,0.4809799999999999,1,304596.8125,23.26808738708496,8.30672550201416
23452,0.0,0.00033320531852534265,0.48095999999999994,1,33935388.0,22.66594123840332,5.930058479309082
23453,4630614.860000003,0.000682896669764098,0.4809399999999999,5,26562552.0,22.00483512878418,8.266377449035645
23454,3654836.630000004,0.000703383569857021,0.4809199999999999,5,14091769.0,19.339962005615234,7.544010162353516
23455,3219465.970000004,0.0007596542554455827,0.48089999999999994,6,26026998.0,19.340534210205078,7.333916187286377
23456,2661725.8800000036,0.0008204265958812293,0.4808799999999999,6,2243349.75,19.341066360473633,8.08283519744873
23457,2173692.560000004,0.0008860607235517277,0.4808599999999999,6,2032182.625,19.34415054321289,3.4446234703063965
23458,1100929.5700000057,0.0008860607235517277,0.48083999999999993,3,5924611.5,19.34712028503418,5.603701591491699
23459,932328.7100000058,0.0009126425452582796,0.4808199999999999,5,18015386.0,19.349010467529297,7.254046440124512
23460,596572.7200000053,0.0008852632689005311,0.4807999999999999,1,16367353.0,19.350788116455078,8.604715347290039
23461,515359.64000000537,0.0009560843304125737,0.48077999999999993,6,492231.46875,19.352081298828125,4.138557434082031
23462,355502.35000000545,0.0009847668603249508,0.4807599999999999,5,199829.40625,19.35064125061035,8.086235046386719
23463,230780.90000000547,0.0009946145289282003,0.4807399999999999,4,106666.1796875,19.349876403808594,8.274827003479004
23464,113647.33000000544,0.0010045606742174822,0.4807199999999999,4,5222506.5,19.346845626831055,10.395904541015625
23465,0.0,0.0009744238539909578,0.4806999999999999,1,21657116.0,19.344030380249023,2.759445905685425
23466,0.0,0.0009646796154510482,0.48067999999999994,2,9108230.0,19.342493057250977,8.556929588317871
23467,0.0,0.0008875052462149643,0.4806599999999999,0,13836720.0,24.572505950927734,7.558132648468018
23468,0.0,0.0008165048265177672,0.4806399999999999,0,2535229.25,24.580705642700195,8.975865364074707
23469,0.0,0.0008083397782525896,0.48061999999999994,2,57368496.0,24.398988723754883,12.231989860534668
23470,0.0,0.0008083397782525896,0.4805999999999999,3,1183375.875,24.221147537231445,7.137500762939453
23471,0.0,0.0007840895849050119,0.4805799999999999,1,4482338.0,24.073543548583984,12.518881797790527
23472,0.0,0.0007605668973578615,0.48055999999999993,1,1438922.375,24.305240631103516,4.293170928955078
23473,0.0,0.0007529612283842829,0.4805399999999999,2,360864.75,24.41363525390625,6.924781322479248
23474,0.0,0.0006927243301135403,0.4805199999999999,0,11510195.0,24.5411319732666,2.0133044719696045
23475,0.0,0.0007481422765226235,0.4804999999999999,6,5725128.0,24.906747817993164,4.557770729064941
23476,0.0,0.0006882908944008136,0.4804799999999999,0,16035255.0,24.708280563354492,7.159190654754639
23477,0.0,0.0006814079854568055,0.48045999999999994,2,26956544.0,25.082843780517578,6.436789035797119
23478,0.0,0.0006609657458931013,0.4804399999999999,1,34010668.0,24.97626495361328,4.871784210205078
23479,0.0,0.0006543560884341703,0.4804199999999999,2,3815023.25,24.950700759887695,7.301639080047607
23480,0.0,0.0006478125275498286,0.48039999999999994,2,171899056.0,24.78306007385254,5.968661308288574
23481,0.0,0.0006413344022743303,0.4803799999999999,2,196468704.0,24.49485206604004,15.0474214553833
23482,0.0,0.0006605744343425602,0.4803599999999999,5,6666976.0,24.2835693359375,3.3561434745788574
23483,0.0,0.0006407572013122834,0.48033999999999993,1,11301986.0,24.016353607177734,4.938621520996094
23484,0.0,0.0006471647733254062,0.4803199999999999,4,3746428.75,24.09021759033203,4.5343828201293945
23485,0.0,0.0006536364210586602,0.4802999999999999,4,70833288.0,24.052501678466797,6.878162860870361
23486,0.0,0.0006601727852692469,0.48027999999999993,4,4668443.0,24.084365844726562,14.78657341003418
23487,0.0,0.0006073589624477072,0.4802599999999999,0,28706548.0,24.1798038482666,5.483696460723877
23488,0.0,0.0006073589624477072,0.48023999999999994,3,3261521.5,24.305200576782227,6.463253974914551
23489,0.0,0.0006134325520721842,0.4802199999999999,4,5118236.0,24.452043533325195,6.950579643249512
23490,0.0,0.0006195668775929061,0.4801999999999999,4,3737365.25,24.670129776000977,4.71133279800415
23491,0.0,0.0006257625463688351,0.48017999999999994,4,16234194.0,24.784759521484375,6.610540866851807
23492,0.0,0.0006320201718325235,0.4801599999999999,4,57434168.0,24.811973571777344,6.885000228881836
23493,0.0,0.0006383403735508488,0.4801399999999999,4,10366701.0,24.773448944091797,8.70517349243164
23494,0.0,0.0006191901623443234,0.48011999999999994,1,472835776.0,24.734516143798828,4.359705924987793
23495,0.0,0.0005696549493567775,0.4800999999999999,0,62118684.0,24.74054718017578,3.7871828079223633
23496,0.0,0.0005240825534082353,0.4800799999999999,0,8739261.0,24.713533401489258,3.0530691146850586
23497,0.0,0.0005188417278741529,0.48005999999999993,2,198322.703125,24.606231689453125,9.916051864624023
23498,0.0,0.0005136533105954114,0.4800399999999999,2,18260176.0,24.55573081970215,5.428669452667236
23499,0.0,0.000498243711277549,0.4800199999999999,1,449366.1875,24.47458267211914,10.154136657714844
23500,0.0,0.000498243711277549,0.4799999999999999,3,24785864.0,24.35940933227539,7.7564873695373535
23501,0.0,0.0004932612741647735,0.4799799999999999,2,22826496.0,24.20099639892578,11.146527290344238
23502,0.0,0.0004883286614231258,0.47995999999999994,2,57450696.0,24.22595977783203,1.9061663150787354
23503,0.0,0.0004834453748088945,0.4799399999999999,2,2434497.25,24.371959686279297,5.5321784019470215
23504,0.0,0.0004689420135646277,0.4799199999999999,1,21087920.0,24.619064331054688,2.059485912322998
23505,0.0,0.0004642525934289814,0.47989999999999994,2,3637978.0,24.895822525024414,3.5446088314056396
23506,0.0,0.0004596100674946916,0.4798799999999999,2,22656732.0,25.117000579833984,3.6120564937591553
23507,0.0,0.00047339836951953236,0.4798599999999999,5,3694277.5,25.320409774780273,3.5388476848602295
23508,0.0,0.0004591964184339464,0.47983999999999993,1,193350368.0,25.426345825195312,4.017396926879883
23509,0.0,0.00044542052588092797,0.4798199999999999,1,3883814.25,25.46778106689453,4.436932563781738
23510,0.0,0.00043205791010450013,0.4797999999999999,1,361977.0,25.426870346069336,4.247671604156494
23511,0.0,0.0004363784892055451,0.47977999999999993,4,5985886.0,25.29430389404297,7.545945644378662
23512,0.0,0.0004320147043134897,0.4797599999999999,2,162575728.0,24.99544334411621,14.908474922180176
23513,0.0,0.00041905426318408496,0.47973999999999994,1,6377132.5,24.740352630615234,8.227773666381836
23514,0.0,0.0004232448058159258,0.4797199999999999,4,23832532.0,24.445194244384766,8.409631729125977
23515,0.0,0.0004190123577577665,0.4796999999999999,2,11840878.0,24.14110565185547,8.353067398071289
23516,0.0,0.0004064419870250335,0.47967999999999994,1,1057497.5,23.950315475463867,9.23465633392334
23517,0.0,0.00037392662806303085,0.4796599999999999,0,407275328.0,23.92222023010254,3.8654260635375977
23518,0.0,0.00036270882922113994,0.4796399999999999,1,45584248.0,24.012649536132812,7.105785846710205
23519,0.0,0.00035182756434450573,0.47961999999999994,1,126010.7421875,24.20733070373535,6.1047844886779785
23520,0.0,0.0003412727374141706,0.4795999999999999,1,371544352.0,24.47332763671875,4.293386936187744
23521,0.0,0.00033786001004002886,0.4795799999999999,2,7454997.5,24.77829360961914,5.455719947814941
23522,0.0,0.00032772420973882797,0.47955999999999993,1,18255216.0,24.88176918029785,12.327073097229004
23523,0.0,0.00031789248344666314,0.4795399999999999,1,64149928.0,24.93247413635254,4.955223560333252
23524,0.0,0.0003147135586121965,0.4795199999999999,2,161211904.0,24.955724716186523,4.719842910766602
23525,0.0,0.00033989064330117223,0.4794999999999999,6,39965212.0,24.824237823486328,9.703434944152832
23526,0.0,0.00031269939183707846,0.4794799999999999,0,2162684.0,24.56836700439453,11.76323413848877
23527,0.0,0.00031582638575544924,0.47945999999999994,4,11675606.0,24.28867530822754,7.728564739227295
23528,0.0,0.0003410924966158852,0.4794399999999999,6,1697966.375,24.017038345336914,14.072554588317871
23529,0.0,0.0003445034215820441,0.4794199999999999,4,5898701.0,23.735815048217773,9.620672225952148
23530,0.0,0.0003720636953086076,0.47939999999999994,6,7940613.0,23.607940673828125,9.734994888305664
23531,0.0,0.00038322560616786585,0.4793799999999999,5,173324768.0,23.53622817993164,10.038344383239746
23532,0.0,0.00041388365466129515,0.4793599999999999,6,9668298.0,23.623138427734375,7.688809394836426
23533,0.0,0.0004469943470341988,0.47933999999999993,6,13334616.0,23.735923767089844,11.018056869506836
23534,0.0,0.0004469943470341988,0.4793199999999999,3,4389586.0,23.936962127685547,6.039097785949707
23535,0.0,0.0004112347992714629,0.4792999999999999,0,73598864.0,24.159873962402344,3.1295166015625
23536,0.0,0.00044413358321317994,0.47927999999999993,6,167315360.0,24.221595764160156,10.570605278015137
23537,0.0,0.00040860289655612555,0.4792599999999999,0,25750784.0,24.777263641357422,4.054774761199951
23538,0.0,0.0004045168675905643,0.47923999999999994,2,1873188.875,24.588581085205078,12.663901329040527
23539,0.0,0.0004045168675905643,0.4792199999999999,3,18876654.0,24.756053924560547,5.856130123138428
23540,0.0,0.00043687821699780945,0.4791999999999999,6,92116800.0,24.808141708374023,5.9594011306762695
23541,0.0,0.0004237718704878752,0.47917999999999994,1,154515760.0,24.86847686767578,7.847292900085449
23542,0.0,0.0004280095891927539,0.4791599999999999,4,1491464.875,24.447185516357422,9.132255554199219
23543,0.0,0.0004280095891927539,0.4791399999999999,3,16117613.0,24.152015686035156,1.8492743968963623
23544,0.0,0.00043228968508468146,0.47911999999999993,4,9907881.0,23.642427444458008,5.353217601776123
23545,4168410.439999993,0.0004836116848993994,0.4790999999999999,5,54267336.0,19.364038467407227,8.973079681396484
23546,2330971.0399999893,0.0004981200354463814,0.4790799999999999,5,25041958.0,19.361431121826172,5.142303943634033
23547,1124924.299999986,0.0005130636365097729,0.47905999999999993,5,903807.6875,19.35971450805664,3.94366192817688
23548,111815.3999999843,0.0005079330001446751,0.4790399999999999,2,22334396.0,19.35710334777832,8.602856636047363
23549,0.0,0.0005231709901490154,0.4790199999999999,5,1794481.5,19.355777740478516,6.5993452072143555
23550,0.0,0.0004813173109370942,0.4789999999999999,0,6221627.5,19.353233337402344,6.197072982788086
23551,0.0,0.0004428119260621267,0.4789799999999999,0,151776576.0,21.962207794189453,6.88214111328125
23552,0.0,0.00047823688014709685,0.47895999999999994,6,7703915.5,22.88699722290039,5.481990814208984
23553,0.0,0.00046388977374268395,0.4789399999999999,1,53735032.0,24.262014389038086,7.142640113830566
23554,0.0,0.0004499730805304034,0.4789199999999999,1,343060128.0,24.806119918823242,4.427103042602539
23555,0.0,0.0004544728113357075,0.47889999999999994,4,11788453.0,25.00246810913086,5.851058483123779
23556,0.0,0.00045901753944906456,0.4788799999999999,4,7253361.0,24.939603805541992,3.858584403991699
23557,0.0,0.0004544273640545739,0.4788599999999999,2,28597004.0,24.998821258544922,7.756518840789795
23558,0.0,0.00044988309041402814,0.47883999999999993,2,2331481.5,25.069921493530273,10.157917022705078
23559,0.0,0.00044538425950988787,0.4788199999999999,2,5156646.0,25.057241439819336,1.859449028968811
23560,0.0,0.0004498381021049867,0.4787999999999999,4,179517680.0,24.963497161865234,8.479114532470703
23561,0.0,0.00044533972108393686,0.47877999999999993,2,6531213.0,24.657020568847656,6.116244316101074
23562,0.0,0.0004319795294514187,0.4787599999999999,1,9958649.0,24.624422073364258,8.518216133117676
23563,0.0,0.00042765973415690453,0.47873999999999994,2,19451300.0,24.56641387939453,5.519678592681885
23564,0.0,0.0004233831368153355,0.4787199999999999,2,300770.3125,24.441497802734375,4.515705108642578
23565,0.0,0.0004233831368153355,0.4786999999999999,3,48790776.0,24.501815795898438,4.071524143218994
23566,0.0,0.0004233831368153355,0.47867999999999994,3,5518083.5,24.614274978637695,1.6364011764526367
23567,0.0,0.00045725378776056237,0.4786599999999999,6,8629469.0,24.90873908996582,2.059929132461548
23568,0.0,0.000461826325638168,0.4786399999999999,4,1164155.25,25.060636520385742,6.388546943664551
23569,0.0,0.0004248802195871146,0.47861999999999993,0,4781084.0,25.183345794677734,8.483626365661621
23570,0.0,0.0004248802195871146,0.4785999999999999,3,1512436.5,25.405105590820312,1.3694229125976562
23571,0.0,0.0004248802195871146,0.4785799999999999,3,16552547.0,25.201080322265625,2.540637969970703
23572,0.0,0.0004588706371540838,0.47855999999999993,6,429794304.0,24.99374008178711,7.211918354034424
23573,0.0,0.0004726367562687063,0.4785399999999999,5,42640852.0,24.680540084838867,4.84455680847168
23574,0.0,0.0004868158589567675,0.4785199999999999,5,360882.03125,24.437397003173828,9.63265323638916
23575,0.0,0.0004478705902402261,0.4784999999999999,0,2910162.25,24.148000717163086,7.362199306488037
23576,0.0,0.00044339188433782385,0.4784799999999999,2,1037138.4375,24.081907272338867,7.3053107261657715
23577,0.0,0.00045669364086795857,0.47845999999999994,5,40649884.0,23.932933807373047,8.774003028869629
23578,0.0,0.0004932291321373953,0.4784399999999999,6,132924912.0,23.846874237060547,4.5839128494262695
23579,0.0,0.0004981614234587692,0.4784199999999999,4,58749.55078125,23.87155532836914,8.259325981140137
23580,0.0,0.0005131062661625324,0.47839999999999994,5,7760816.5,23.95819091796875,7.1903533935546875
23581,0.0,0.0005284994541474084,0.4783799999999999,5,27922452.0,24.123973846435547,5.982230186462402
23582,0.0,0.0005232144596059343,0.4783599999999999,2,61512640.0,24.32001495361328,5.601546764373779
23583,0.0,0.0005075180258177562,0.47833999999999993,1,20061512.0,24.498727798461914,10.818070411682129
23584,0.0,0.0005125932060759338,0.4783199999999999,4,1457608.0,24.8065185546875,2.3837246894836426
23585,0.0,0.0005279710022582118,0.4782999999999999,5,34362212.0,25.07155990600586,4.374218463897705
23586,0.0,0.0005438101323259582,0.4782799999999999,5,113469456.0,25.263608932495117,5.676322937011719
23587,0.0,0.0005492482336492177,0.4782599999999999,4,175087200.0,25.320749282836914,6.005752086639404
23588,0.0,0.0005547407159857099,0.47823999999999994,4,21952754.0,25.26909637451172,10.310293197631836
23589,0.0,0.000560288123145567,0.4782199999999999,4,7267602.0,25.053030014038086,10.3854398727417
23590,0.0,0.0005546852419141113,0.4781999999999999,2,58974864.0,24.761451721191406,7.211184978485107
23591,0.0,0.0005491383894949703,0.47817999999999994,2,844373.375,24.494848251342773,5.828536033630371
23592,0.0,0.0005436470056000205,0.4781599999999999,2,11317534.0,24.252124786376953,6.911078453063965
23593,0.0,0.0005436470056000205,0.4781399999999999,3,304011.09375,24.01740837097168,8.619221687316895
23594,0.0,0.0005599564157680212,0.47811999999999993,5,23312662.0,23.93394660949707,5.796698093414307
23595,0.0,0.0005599564157680212,0.4780999999999999,3,161151936.0,24.01262855529785,2.9340834617614746
23596,0.0,0.0005599564157680212,0.4780799999999999,3,341012576.0,24.185039520263672,6.061697006225586
23597,0.0,0.0005767551082410618,0.47805999999999993,5,337908032.0,24.426164627075195,5.2216477394104
23598,0.0,0.0006228955169003468,0.4780399999999999,6,5500498.0,24.745555877685547,4.722901821136475
23599,0.0,0.0006727271582523746,0.4780199999999999,6,7347213.0,25.035202026367188,7.013906478881836
23600,0.0,0.0007265453309125646,0.4779999999999999,6,10134741.0,25.25689697265625,3.2054028511047363
23601,0.0,0.0007846689573855698,0.4779799999999999,6,9418276.0,25.36756706237793,7.658588409423828
23602,0.0,0.0008474424739764154,0.47795999999999994,6,515150.59375,25.304874420166016,8.82468318939209
23603,0.0,0.0008728657481957079,0.4779399999999999,5,941334.125,25.17544174194336,3.745327949523926
23604,0.0,0.0009426950080513646,0.4779199999999999,6,7796496.5,24.832611083984375,13.663432121276855
23605,0.0,0.0010181106086954738,0.47789999999999994,6,25537380.0,24.535249710083008,2.0427732467651367
23606,0.0,0.0010995594573911117,0.4778799999999999,6,31925502.0,24.176015853881836,14.14510440826416
23607,0.0,0.0011875242139824007,0.4778599999999999,6,11162939.0,23.92565155029297,6.460266590118408
23608,0.0,0.0011756489718425767,0.47783999999999993,2,3939643.0,23.776710510253906,4.620917320251465
23609,0.0,0.001163892482124151,0.4778199999999999,2,165848400.0,23.80667495727539,4.099762916564941
23610,0.0,0.0011289757076604265,0.4777999999999999,1,3312451.5,23.917360305786133,5.747286796569824
23611,0.0,0.0010386576510475925,0.4777799999999999,0,12199531.0,24.143022537231445,2.5146093368530273
23612,0.0,0.0010490442275580684,0.4777599999999999,4,10714604.0,24.40763282775879,5.767280578613281
23613,0.0,0.001132967765762714,0.47773999999999994,6,174384832.0,24.590248107910156,8.164236068725586
23614,0.0,0.001144297443420341,0.4777199999999999,4,5856402.0,24.689802169799805,8.240983009338379
23615,0.0,0.0011557404178545445,0.4776999999999999,4,154201824.0,24.828996658325195,4.777662754058838
23616,0.0,0.00116729782203309,0.47767999999999994,4,2102669.0,24.904560089111328,5.028825759887695
23617,0.0,0.0010739139962704428,0.4776599999999999,0,3923682.25,24.85314178466797,7.071639537811279
23618,0.0,0.0009880008765688075,0.4776399999999999,0,12358505.0,24.79178237915039,6.067607879638672
23619,0.0,0.0010176409028658717,0.47761999999999993,5,10178311.0,24.729961395263672,1.7990788221359253
23620,0.0,0.0010990521750951414,0.4775999999999999,6,9496646.0,24.723400115966797,1.187617301940918
23621,0.0,0.00101112800108753,0.4775799999999999,0,28723350.0,24.764719009399414,3.316483497619629
23622,0.0,0.0010920182411745325,0.47755999999999993,6,117531.0859375,24.749860763549805,5.160918235778809
23623,0.0,0.0010920182411745325,0.4775399999999999,3,28410058.0,24.80661964416504,4.80497407913208
23624,0.0,0.0010046567818805699,0.47751999999999994,0,400090016.0,24.788063049316406,2.931980848312378
23625,0.0,0.0009745170784241527,0.4774999999999999,1,29074852.0,24.67282485961914,3.43241810798645
23626,0.0,0.0008965557121502206,0.4774799999999999,0,27101462.0,24.700611114501953,8.955910682678223
23627,0.0,0.0009682801691222383,0.47745999999999994,6,4951106.0,24.507389068603516,7.245706081390381
23628,0.0,0.0010457425826520175,0.4774399999999999,6,4177390.75,24.63153648376465,3.370474338531494
23629,0.0,0.001129401989264179,0.4774199999999999,6,51082440.0,24.497467041015625,7.978849411010742
23630,0.0,0.0011632840489421044,0.47739999999999994,5,26053932.0,23.625438690185547,34749268.0
23631,0.0,0.0011749168894315254,0.4773799999999999,4,619897.5625,23.037208557128906,6.473333358764648
23632,0.0,0.0011866660583258408,0.4773599999999999,4,18620742.0,22.685516357421875,7.688501834869385
23633,0.0,0.0010917327736597736,0.47733999999999993,0,8371478.0,22.694385528564453,55.70984649658203
23634,0.0,0.0011026501013963713,0.4773199999999999,4,1559811.0,22.81749725341797,9.302668571472168
23635,0.0,0.0011026501013963713,0.4772999999999999,3,521323.78125,23.27765464782715,7.0941057205200195
23636,0.0,0.0011026501013963713,0.4772799999999999,3,15121317.0,23.585824966430664,5.305274486541748
23637,0.0,0.0010916236003824075,0.4772599999999999,2,4893294.0,23.843017578125,8.11052131652832
23638,0.0,0.0010807073643785835,0.47723999999999994,2,29486728.0,23.904966354370117,919.3704833984375
23639,0.0,0.0009942507752282968,0.4772199999999999,0,146150944.0,23.795608520507812,3.5307273864746094
23640,2928391.669999987,0.0004911266864612391,0.4771999999999999,1,131851056.0,23.369937896728516,7.2868804931640625
23641,2252148.489999987,0.0005304168213781383,0.47717999999999994,6,203741968.0,-37.86400604248047,3.043933629989624
23642,649100.2099999879,0.0005463293260194825,0.4771599999999999,5,19637424.0,17.967252731323242,100.51544189453125
23643,365000.0499999879,0.000529939446238898,0.4771399999999999,1,12955742.0,17.914024353027344,6.461403846740723
23644,0.0,0.000545837629626065,0.47711999999999993,5,14678495.0,17.866024017333984,6.61688232421875
23645,0.0,0.000545837629626065,0.4770999999999999,3,11311114.0,17.822370529174805,6.916928291320801
23646,0.0,0.0005294625007372831,0.4770799999999999,1,10939338.0,23.678783416748047,8.6470947265625
23647,0.0,0.0005453463757594016,0.47705999999999993,5,52040864.0,23.200119018554688,528.725341796875
23648,0.0,0.0005617067670321837,0.4770399999999999,5,11624065.0,23.41985511779785,4.910905361175537
23649,0.0,0.0005448555640212182,0.47701999999999994,1,4130426.75,23.317825317382812,6.643567085266113
23650,0.0,0.0005012671188995208,0.4769999999999999,0,1561485.875,23.72755241394043,5.119721412658691
23651,0.0,0.0005163051324665064,0.4769799999999999,5,18437320.0,23.954980850219727,9.038756370544434
23652,0.0,0.0005111420811418413,0.47695999999999994,2,96359.65625,23.79351043701172,9.902975082397461
23653,0.0,0.0005520334476331886,0.4769399999999999,6,366473632.0,24.267169952392578,5.9563798904418945
23654,0.0,0.0005961961234438437,0.4769199999999999,6,17372292.0,24.233850479125977,6.465426445007324
23655,0.0,0.0005902341622094052,0.47689999999999994,2,7058306.5,24.46495246887207,8.789937973022461
23656,0.0,0.0005961365038314992,0.4768799999999999,4,5888213.0,24.9604434967041,4.076031684875488
23657,0.0,0.0005901751387931843,0.4768599999999999,2,41070352.0,24.8433837890625,10.283191680908203
23658,0.0,0.0005960768901811161,0.47683999999999993,4,3004170.0,24.885074615478516,10.281140327453613
23659,0.0,0.0005960768901811161,0.4768199999999999,3,974848.875,24.633211135864258,1.106053113937378
23660,0.0,0.0006139591968865496,0.4767999999999999,5,5007708.5,24.497114181518555,3.5993688106536865
23661,0.0,0.000620098788855415,0.4767799999999999,4,86128200.0,24.1668758392334,9.542858123779297
23662,0.0,0.000620098788855415,0.4767599999999999,3,5635528.0,24.03150749206543,2.518819808959961
23663,0.0,0.0006262997767439692,0.47673999999999994,4,8177338.5,24.041418075561523,5.991278648376465
23664,0.0,0.0006325627745114089,0.4767199999999999,4,1367445.5,24.052209854125977,4.340756416320801
23665,0.0,0.000638888402256523,0.4766999999999999,4,18209550.0,24.133071899414062,3.5463204383850098
23666,0.0,0.0005877773300760012,0.47667999999999994,0,6183218.5,24.281951904296875,6.393084526062012
23667,0.0,0.0005407551436699211,0.4766599999999999,0,12835138.0,24.497636795043945,6.8692851066589355
23668,0.0,0.0005245324893598235,0.4766399999999999,1,86584056.0,24.670194625854492,1.4014556407928467
23669,0.0,0.0005664950885086094,0.47661999999999993,6,1837562.375,24.793476104736328,7.2893595695495605
23670,0.0,0.0005834899411638677,0.4765999999999999,5,82314816.0,24.07445526123047,70897.359375
23671,0.0,0.0005893248405755065,0.4765799999999999,4,3550967.5,23.535587310791016,16.247577667236328
23672,0.0,0.0006070045857927717,0.47655999999999993,5,108209.765625,23.170509338378906,5.762778282165527
23673,0.0,0.0006252147233665548,0.4765399999999999,5,219177760.0,22.884178161621094,15.952493667602539
23674,0.0,0.0006439711650675514,0.47651999999999994,5,215916112.0,22.897207260131836,7.01881217956543
23675,0.0,0.0006632903000195781,0.4764999999999999,5,14306384.0,23.18291473388672,6.942627429962158
23676,0.0,0.0006632903000195781,0.4764799999999999,3,3682478.75,23.644775390625,7.223726272583008
23677,0.0,0.0006699232030197738,0.47645999999999994,4,529038816.0,24.19700050354004,7.951544284820557
23678,0.0,0.0007235170592613558,0.4764399999999999,6,2880419.5,24.752140045166016,6.243768215179443
23679,0.0,0.0007307522298539694,0.4764199999999999,4,5011813.5,24.694286346435547,729.09716796875
23680,0.0,0.0007526747967495884,0.47639999999999993,5,384359.1875,24.637767791748047,8.45168685913086
23681,0.0,0.0008128887804895556,0.4763799999999999,6,70864744.0,24.54839515686035,1.4903740882873535
23682,0.0,0.0008372754439042423,0.4763599999999999,5,27531300.0,24.546005249023438,4.4905476570129395
23683,0.0,0.000812157180587115,0.47633999999999993,1,5098647.5,24.509174346923828,11.711128234863281
23684,0.0,0.0008365218960047285,0.4763199999999999,5,13307553.0,24.44831657409668,6.947619915008545
23685,0.0,0.0009034436476851069,0.4762999999999999,6,361489312.0,24.334951400756836,8.259847640991211
23686,0.0,0.0008763403382545537,0.4762799999999999,1,3108141.0,24.25470542907715,8.41882610321045
23687,0.0,0.0008675769348720082,0.4762599999999999,2,4050516.75,24.168500900268555,9.211692810058594
23688,0.0,0.0009369830896617689,0.47623999999999994,6,703300.5,24.060134887695312,10.53477954864502
23689,0.0,0.0008620244424888273,0.4762199999999999,0,548125.25,24.131031036376953,8.91869831085205
23690,0.0,0.000853404198063939,0.4761999999999999,2,229342.96875,24.286312103271484,6.098721504211426
23691,0.0,0.0008448701560832997,0.47617999999999994,2,61493932.0,24.42538070678711,8.160572052001953
23692,0.0,0.0008364214545224667,0.4761599999999999,2,10020767.0,24.60698127746582,2.4684407711029053
23693,0.0,0.0008615140981581408,0.4761399999999999,5,18138392.0,24.82765007019043,5.859097957611084
23694,0.0,0.0009304352260107921,0.47611999999999993,6,18203764.0,24.87141990661621,9.699933052062988
23695,0.0,0.0009583482827911159,0.4760999999999999,5,2079193.125,24.726524353027344,8.680558204650879
23696,0.0,0.0009870987312748493,0.4760799999999999,5,35566116.0,24.504379272460938,9.430051803588867
23697,0.0,0.0010660666297768373,0.4760599999999999,6,21068684.0,24.271930694580078,4.92023229598999
23698,0.0,0.0010980486286701425,0.4760399999999999,5,8693972.0,24.206321716308594,2.0602059364318848
23699,0.0,0.0010980486286701425,0.47601999999999994,3,6740396.5,24.251178741455078,2.743450880050659
23700,0.0,0.001109029114956844,0.4759999999999999,4,219967872.0,24.314205169677734,4.254232883453369
23701,0.0,0.001109029114956844,0.4759799999999999,3,3987357.0,24.350875854492188,9.031888008117676
23702,0.0,0.0010203067857602966,0.47595999999999994,0,11135330.0,24.478092193603516,4.5646257400512695
23703,0.0,0.0009386822428994729,0.4759399999999999,0,180613504.0,24.566017150878906,8.38660717010498
23704,0.0,0.0009292954204704782,0.4759199999999999,2,344145088.0,24.65850067138672,3.5125551223754883
23705,0.0,0.00085495178683284,0.47589999999999993,0,3177130.0,24.668703079223633,9.445100784301758
23706,0.0,0.0008464022689645117,0.4758799999999999,2,7574259.5,24.717464447021484,4.7493391036987305
23707,0.0,0.0008379382462748666,0.4758599999999999,2,17080840.0,24.81888771057129,1.7918424606323242
23708,0.0,0.0009049733059768559,0.47583999999999993,6,338969120.0,24.899757385253906,1.1006674766540527
23709,0.0,0.0008325754414987075,0.4758199999999999,0,16989542.0,25.006288528442383,2.4522078037261963
23710,0.0,0.0008325754414987075,0.4757999999999999,3,1728914.25,25.077667236328125,11.155753135681152
23711,0.0,0.0008991814768186041,0.4757799999999999,6,7374096.0,25.00514793395996,6.189904689788818
23712,0.0,0.0008272469586731158,0.4757599999999999,0,3879866.5,24.914657592773438,4.407020092010498
23713,0.0,0.0008520643674333093,0.47573999999999994,5,29340664.0,24.92034912109375,4.967165946960449
23714,0.0,0.0009202295168279741,0.4757199999999999,6,10638190.0,24.7591609954834,12.148798942565918
23715,0.0,0.0009938478781742121,0.4756999999999999,6,7559304.0,24.484567642211914,8.966143608093262
23716,0.0,0.0010733557084281493,0.47567999999999994,6,131630168.0,24.352157592773438,3.318185806274414
23717,0.0,0.0010733557084281493,0.4756599999999999,3,4324866.0,24.280954360961914,7.445265769958496
23718,0.0,0.0011592241651024013,0.4756399999999999,6,125040656.0,24.24444580078125,6.327302932739258
23719,0.0,0.0012519620983105935,0.47561999999999993,6,10475070.0,24.233312606811523,4.949093818664551
23720,0.0,0.0012144032353612756,0.4755999999999999,1,9250784.0,24.334320068359375,7.0290913581848145
23721,0.0,0.0012022592030076628,0.4755799999999999,2,73825824.0,24.61330223083496,6.552231311798096
23722,0.0,0.0011661914269174328,0.4755599999999999,1,10272253.0,24.69468116760254,13.899018287658691
23723,0.0,0.0012594867410708275,0.4755399999999999,6,188068880.0,24.755565643310547,7.115564346313477
23724,0.0,0.0013602456803564937,0.47551999999999994,6,8692482.0,24.628307342529297,11.974925994873047
23725,0.0,0.0012514260259279743,0.4754999999999999,0,8717000.0,24.491710662841797,63.29494857788086
23726,0.0,0.0012389117656686946,0.4754799999999999,2,3908082.0,24.398178100585938,9.269777297973633
23727,0.0,0.0012513008833253815,0.47545999999999994,4,10569743.0,24.384647369384766,5.90056037902832
23728,0.0,0.00121376185682562,0.4754399999999999,1,5394333.0,24.406749725341797,7.131559371948242
23729,0.0,0.0012258994753938763,0.4754199999999999,4,7805195.5,24.444963455200195,4.231518268585205
23730,0.0,0.0013239714334253865,0.47539999999999993,6,236634432.0,24.44639015197754,8.13372802734375
23731,0.0,0.0013107317190911327,0.4753799999999999,2,153064096.0,24.171981811523438,4.78298807144165
23732,0.0,0.0012976244019002213,0.4753599999999999,2,1962177.875,23.899900436401367,8.949685096740723
23733,0.0,0.0013106006459192236,0.47533999999999993,4,9875087.0,23.54843521118164,6.540904521942139
23734,4961987.440000007,0.0005642794846539533,0.4753199999999999,2,6122157.5,23.039066314697266,13.864399909973145
23735,3502940.190000009,0.0005642794846539533,0.4752999999999999,3,6879920.0,16.935182571411133,5.510592460632324
23736,2317064.41000001,0.0006094218434262695,0.4752799999999999,6,39017436.0,16.934696197509766,8.182552337646484
23737,155178.95000000857,0.0006277044987290576,0.4752599999999999,5,214651.859375,16.934329986572266,3.7992465496063232
23738,0.0,0.0006465356336909293,0.47523999999999994,5,20423060.0,16.934097290039062,8.417580604553223
23739,0.0,0.0006465356336909293,0.4752199999999999,3,2025062.375,16.93405532836914,7.62504768371582
23740,0.0,0.0006982584843862037,0.4751999999999999,6,228059.78125,24.323030471801758,4.731026649475098
23741,0.0,0.0006982584843862037,0.47517999999999994,3,8669992.0,24.305564880371094,7.145845890045166
23742,0.0,0.0007541191631371,0.4751599999999999,6,10431803.0,24.49838638305664,6.853785514831543
23743,0.0,0.000693789630086132,0.4751399999999999,0,3647541.0,24.319969177246094,4.1270060539245605
23744,0.0,0.000714603318988716,0.47511999999999993,5,4877204.5,24.43648910522461,9.881532669067383
23745,0.0,0.0007217493521786032,0.4750999999999999,4,16197652.0,24.43695068359375,10.039742469787598
23746,0.0,0.0007434018327439613,0.4750799999999999,5,89898456.0,24.56070327758789,4.391481399536133
23747,0.0,0.0007657038877262802,0.4750599999999999,5,192917600.0,24.649898529052734,2.7378735542297363
23748,0.0,0.0007657038877262802,0.4750399999999999,3,25354848.0,24.733530044555664,8.155153274536133
23749,0.0,0.0007427327710944918,0.47501999999999994,1,7696547.0,24.90458869934082,6.713811874389648
23750,0.0,0.0007353054433835469,0.4749999999999999,2,10402699.0,25.053150177001953,2.44492769241333
23751,0.0,0.0007279523889497114,0.4749799999999999,2,25110866.0,24.94077491760254,8.876930236816406
23752,0.0,0.0006697161978337345,0.47495999999999994,0,458827008.0,24.901012420654297,2.570866107940674
23753,0.0,0.0006630190358553971,0.4749399999999999,2,4646714.5,24.98465919494629,4.713031768798828
23754,0.0,0.0006431284647797352,0.4749199999999999,1,20852700.0,24.675426483154297,9.86876392364502
23755,0.0,0.0006624223187231273,0.47489999999999993,5,1559580.125,24.662229537963867,3.3031859397888184
23756,0.0,0.000655798095535896,0.4748799999999999,2,201551456.0,24.503190994262695,3.915248155593872
23757,0.0,0.000649240114580537,0.4748599999999999,2,125679080.0,24.612096786499023,8.226469039916992
23758,0.0,0.0006427477134347317,0.47483999999999993,2,6834971.0,24.653438568115234,4.821760177612305
23759,0.0,0.0006363202363003843,0.4748199999999999,2,7060682.5,24.614709854125977,6.717158794403076
23760,0.0,0.0005854146173963536,0.47479999999999994,0,7042329.5,24.51933479309082,6.186564922332764
23761,0.0,0.0005854146173963536,0.4747799999999999,3,12179867.0,24.51336097717285,5.017293930053711
23762,0.0,0.000567852178874463,0.4747599999999999,1,18923852.0,24.379541397094727,6.773994445800781
23763,0.0,0.0006132803531844201,0.47473999999999994,6,3695599.5,24.48914909362793,5.044424533843994
23764,0.0,0.0005948819425888875,0.4747199999999999,1,6737292.5,24.209320068359375,18.894046783447266
23765,0.0,0.0005889331231629986,0.4746999999999999,2,8858485.0,24.315391540527344,6.336130619049072
23766,0.0,0.0005712651294681086,0.47467999999999994,1,31401090.0,24.19291114807129,9.615421295166016
23767,0.0,0.0006169663398255573,0.4746599999999999,6,508916.875,24.221107482910156,4.404985427856445
23768,0.0,0.0006663236470116019,0.4746399999999999,6,1036995.625,24.09114646911621,9.21744441986084
23769,0.0,0.0006729868834817179,0.47461999999999993,4,25047034.0,24.13676643371582,7.273562908172607
23770,0.0,0.0006931764899861695,0.4745999999999999,5,26367080.0,24.38606071472168,6.524928092956543
23771,0.0,0.000637722370787276,0.4745799999999999,0,51252.10546875,24.595163345336914,4.690896987915039
23772,0.0,0.0006440995944951487,0.4745599999999999,4,423105536.0,24.928163528442383,8.693009376525879
23773,0.0,0.0006376585985501972,0.4745399999999999,2,163006512.0,25.065847396850586,13.07695198059082
23774,0.0,0.0006440351845356992,0.47451999999999994,4,613842.5,25.110443115234375,10.683687210083008
23775,0.0,0.0006504755363810562,0.4744999999999999,4,11734384.0,25.071903228759766,11.49899673461914
23776,0.0,0.0007025135792915407,0.4744799999999999,6,129678.7578125,25.003814697265625,6.4602508544921875
23777,0.0,0.000758714665634864,0.47445999999999994,6,29905242.0,24.862287521362305,6.793089866638184
23778,0.0,0.0007511275189785154,0.4744399999999999,2,3722115.75,24.682361602783203,4.9879469871521
23779,0.0,0.0008112177204967967,0.4744199999999999,6,29603796.0,24.52769660949707,3.9754843711853027
23780,0.0,0.0008031055432918288,0.47439999999999993,2,182473088.0,24.27295684814453,10.791824340820312
23781,0.0,0.0008673539867551751,0.4743799999999999,6,1258477.25,24.15090560913086,6.808842658996582
23782,0.0,0.0009367423056955892,0.4743599999999999,6,332381280.0,23.96204376220703,11.666826248168945
23783,0.0,0.0010116816901512365,0.47433999999999993,6,173849936.0,23.798431396484375,10.070127487182617
23784,0.0,0.0010926162253633354,0.4743199999999999,6,130104136.0,23.71665382385254,7.658551216125488
23785,0.0,0.0011800255233924025,0.47429999999999994,6,4610620.5,23.654293060302734,11.721769332885742
23786,0.0,0.0012154262890941745,0.4742799999999999,5,41006324.0,23.73874282836914,4.78141975402832
23787,0.0,0.0013126603922217087,0.4742599999999999,6,1474072.5,23.87038803100586,8.800415992736816
23788,0.0,0.0014176732235994455,0.47423999999999994,6,4683234.0,23.962467193603516,6.4413652420043945
23789,0.0,0.0015310870814874012,0.4742199999999999,6,6152068.0,24.153003692626953,4.1646528244018555
23790,0.0,0.0016535740480063935,0.4741999999999999,6,1910663.75,24.48989486694336,4.296416282653809
23791,0.0,0.0017858599718469051,0.47417999999999993,6,1579913.375,24.820087432861328,3.638098955154419
23792,0.0,0.0019287287695946577,0.4741599999999999,6,75871328.0,25.068952560424805,3.5341639518737793
23793,0.0,0.0019094414818987113,0.4741399999999999,2,23931508.0,25.27923583984375,1.9001761674880981
23794,0.0,0.0020621968004506082,0.47411999999999993,6,1764492.25,25.37712287902832,5.201745986938477
23795,0.0,0.0020003308964370897,0.4740999999999999,1,9504630.0,25.177871704101562,10.058968544006348
23796,0.0,0.0020603408233302025,0.4740799999999999,5,156767152.0,25.017183303833008,1.8673956394195557
23797,0.0,0.0021221510480301086,0.4740599999999999,5,10732872.0,24.714157104492188,7.873769283294678
23798,0.0,0.0021009295375498077,0.4740399999999999,2,18216654.0,24.37834930419922,7.596749305725098
23799,0.0,0.002121938832925306,0.47401999999999994,4,8405695.0,24.202306747436523,1.440685510635376
23800,0.0,0.002143158221254559,0.4739999999999999,4,10940153.0,23.874921798706055,16.90528678894043
23801,0.0,0.0021645898034671047,0.4739799999999999,4,5798980.0,23.71409797668457,7.386490821838379
23802,0.0,0.002186235701501776,0.47395999999999994,4,5539264.0,23.68262481689453,8.211845397949219
23803,0.0,0.0022080980585167938,0.4739399999999999,4,2524163.0,23.826984405517578,5.882903099060059
23804,0.0,0.0021860170779316257,0.4739199999999999,2,312457792.0,23.98353385925293,10.152159690856934
23805,0.0,0.0020111357116970956,0.47389999999999993,0,15904094.0,24.18094253540039,7.549882411956787
23806,0.0,0.0020312470688140668,0.4738799999999999,4,524632608.0,24.45768928527832,5.316858291625977
23807,0.0,0.002010934598125926,0.4738599999999999,2,351422016.0,24.706140518188477,4.786712646484375
23808,0.0,0.001990825252144667,0.47383999999999993,2,110098192.0,24.955286026000977,7.764741897583008
23809,0.0,0.00197091699962322,0.4738199999999999,2,41458312.0,25.135772705078125,8.467683792114258
23810,0.0,0.0018132436396533626,0.47379999999999994,0,44198232.0,25.242387771606445,5.251267910003662
23811,0.0,0.0016681841484810936,0.4737799999999999,0,9911615.0,25.337902069091797,4.896440505981445
23812,0.0,0.0015347294166026062,0.4737599999999999,0,29278920.0,25.250648498535156,8.118380546569824
23813,0.0,0.0014119510632743977,0.47373999999999994,0,11460980.0,25.1877498626709,0.8689550161361694
23814,0.0,0.0012989949782124459,0.4737199999999999,0,1905851.375,25.088722229003906,2.712204933166504
23815,0.0,0.0011950753799554502,0.4736999999999999,0,213175120.0,24.9217529296875,7.448364734649658
23816,0.0,0.0012309276413541138,0.47367999999999993,5,334527.96875,24.694921493530273,7.72671365737915
23817,0.0,0.0012186183649405726,0.4736599999999999,2,13416165.0,24.468687057495117,4.792341709136963
23818,0.0,0.0013161078341358185,0.4736399999999999,6,11926498.0,24.2567195892334,6.420370101928711
23819,0.0,0.0014213964608666841,0.47361999999999993,6,8607697.0,23.97934341430664,11.343999862670898
23820,0.0,0.001435610425475351,0.4735999999999999,4,975659.0625,23.847949981689453,7.1104416847229
23821,0.0,0.0014499665297301046,0.4735799999999999,4,392185024.0,23.769306182861328,11.347467422485352
23822,0.0,0.0014644661950274057,0.4735599999999999,4,203527.90625,23.749794006347656,7.422545909881592
23823,0.0,0.0013473088994252133,0.4735399999999999,0,148042992.0,23.77275276184082,7.264333248138428
23824,0.0,0.0013877281664079698,0.47351999999999994,5,171392448.0,23.633312225341797,3.699796438217163
23825,4856430.770000009,0.0005817748619238488,0.4734999999999999,3,14197826.0,23.385231018066406,4.6692352294921875
23826,3408713.8200000077,0.0005817748619238488,0.4734799999999999,3,34970396.0,16.952199935913086,4.124405860900879
23827,3008809.6800000076,0.0005992281077815642,0.47345999999999994,5,12823528.0,16.953012466430664,5.610720157623291
23828,0.0,0.0005992281077815642,0.4734399999999999,3,23210398.0,16.95357894897461,8.545161247253418
23829,0.0,0.0005992281077815642,0.4734199999999999,3,2558877.5,16.953950881958008,4.5509724617004395
23830,0.0,0.0005992281077815642,0.47339999999999993,3,1280555.0,23.89196014404297,2.3279500007629395
23831,0.0,0.0005992281077815642,0.4733799999999999,3,2919193.75,24.607955932617188,6.661548614501953
23832,0.0,0.0005812512645481172,0.4733599999999999,1,10980118.0,25.211238861083984,1.309165120124817
23833,0.0,0.0005870637771935984,0.4733399999999999,4,7166059.0,24.71758460998535,2.656047821044922
23834,0.0,0.0006046756905094063,0.4733199999999999,5,8290416.5,25.322662353515625,2.5092527866363525
23835,0.0,0.0006046756905094063,0.47329999999999994,3,15055970.0,25.132606506347656,8.0557861328125
23836,0.0,0.0006046756905094063,0.4732799999999999,3,200849.34375,25.147436141967773,8.93442153930664
23837,0.0,0.0006107224474145004,0.4732599999999999,4,33503980.0,24.951807022094727,8.210424423217773
23838,0.0,0.0005618646516213404,0.47323999999999994,0,314187840.0,24.758831024169922,1.8192943334579468
23839,0.0,0.0005787205911699806,0.4732199999999999,5,29195938.0,24.97852897644043,5.77401065826416
23840,0.0,0.0005787205911699806,0.4731999999999999,3,6354879.5,24.531219482421875,7.008116245269775
23841,0.0,0.0005613589734348812,0.47317999999999993,1,9355144.0,24.69927215576172,5.364421844482422
23842,0.0,0.0006062676913096717,0.4731599999999999,6,62395148.0,24.757930755615234,10.88368034362793
23843,0.0,0.0006123303682227684,0.4731399999999999,4,674383.6875,24.294857025146484,6.988421440124512
23844,0.0,0.0006184536719049961,0.47311999999999993,4,2695322.75,24.36717414855957,5.2776007652282715
23845,0.0,0.0006679299656573958,0.4730999999999999,6,6430119.0,24.27887535095215,9.820029258728027
23846,0.0,0.0006679299656573958,0.4730799999999999,3,12455915.0,24.062297821044922,8.37197494506836
23847,0.0,0.0007213643629099875,0.4730599999999999,6,4138378.75,24.088157653808594,10.686418533325195
23848,0.0,0.0007213643629099875,0.4730399999999999,3,2173930.75,23.82359504699707,10.252043724060059
23849,0.0,0.0006997234320226879,0.47301999999999994,1,10168941.0,23.865398406982422,7.2155632972717285
23850,0.0,0.0006997234320226879,0.4729999999999999,3,6011342.0,23.897708892822266,6.829577922821045
23851,0.0,0.0007067206663429147,0.4729799999999999,4,15369144.0,23.81510353088379,6.3016581535339355
23852,0.0,0.0007067206663429147,0.47295999999999994,3,16528152.0,23.725561141967773,15.263144493103027
23853,0.0,0.0007067206663429147,0.4729399999999999,3,143247968.0,23.834692001342773,4.682011604309082
23854,0.0,0.0007067206663429147,0.4729199999999999,3,150436912.0,23.84674835205078,14.670007705688477
23855,0.0,0.0007067206663429147,0.47289999999999993,3,7695298.0,24.033084869384766,3.3285653591156006
23856,0.0,0.0007067206663429147,0.4728799999999999,3,31978992.0,24.24271583557129,12.350908279418945
23857,0.0,0.0007067206663429147,0.4728599999999999,3,20300636.0,24.493398666381836,5.36760950088501
23858,0.0,0.0007067206663429147,0.4728399999999999,3,13985489.0,24.670894622802734,9.4949369430542
23859,0.0,0.0007067206663429147,0.4728199999999999,3,20978488.0,24.828813552856445,4.311788558959961
23860,0.0,0.0007137878730063439,0.47279999999999994,4,48831032.0,24.992273330688477,2.3372485637664795
23861,0.0,0.0007209257517364074,0.4727799999999999,4,12873919.0,25.085140228271484,5.309804439544678
23862,0.0,0.0007281350092537714,0.4727599999999999,4,2383737.5,25.190021514892578,5.998878479003906
23863,0.0,0.0006698842085134698,0.47273999999999994,0,37019880.0,25.27902603149414,4.490303039550781
23864,0.0,0.0006765830505986044,0.4727199999999999,4,40466892.0,25.347280502319336,6.48951530456543
23865,0.0,0.0006765830505986044,0.4726999999999999,3,8538155.0,25.18726921081543,6.522349834442139
23866,0.0,0.0007307096946464928,0.47267999999999993,6,27752922.0,25.004316329956055,10.393158912658691
23867,0.0,0.000708788403807098,0.4726599999999999,1,6997823.0,24.660364151000977,16.67099380493164
23868,0.0,0.000715876287845169,0.4726399999999999,4,28949944.0,24.520652770996094,7.0085320472717285
23869,0.0,0.000737352576480524,0.47261999999999993,5,337715072.0,24.346250534057617,5.356863498687744
23870,0.0,0.0007299790507157188,0.4725999999999999,2,8871367.0,24.261966705322266,7.144189834594727
23871,0.0,0.0007883773747729764,0.4725799999999999,6,358676768.0,24.140974044799805,12.764581680297852
23872,0.0,0.0008120286960161657,0.4725599999999999,5,4610995.5,23.905597686767578,10.966236114501953
23873,0.0,0.0008363895568966507,0.4725399999999999,5,209329.75,23.87701988220215,5.674526214599609
23874,0.0,0.0008614812436035503,0.47251999999999994,5,158657680.0,23.999893188476562,6.59555196762085
23875,0.0,0.0008873256809116568,0.4724999999999999,5,1053067.0,24.22794532775879,9.015812873840332
23876,0.0,0.0009139454513390065,0.4724799999999999,5,4575178.0,24.406925201416016,10.438130378723145
23877,0.0,0.0009413638148791768,0.47245999999999994,5,4044364.25,24.57795524597168,10.727696418762207
23878,0.0,0.0009507774530279685,0.4724399999999999,4,9147330.0,24.714317321777344,5.63729190826416
23879,0.0,0.0009793007766188077,0.4724199999999999,5,97800472.0,24.762792587280273,8.475658416748047
23880,0.0,0.0009890937843849957,0.47239999999999993,4,3754362.25,24.71902847290039,6.879000663757324
23881,0.0,0.0010187665979165456,0.4723799999999999,5,495962.46875,24.774003982543945,0.9617081880569458
23882,0.0,0.001049329595854042,0.4723599999999999,5,645004416.0,24.797313690185547,5.623281955718994
23883,0.0,0.001049329595854042,0.4723399999999999,3,6366626.5,24.782604217529297,4.18979549407959
23884,0.0,0.0010388362998955015,0.4723199999999999,2,188076240.0,24.78791618347168,3.6174230575561523
23885,0.0,0.0010492246628944564,0.47229999999999994,4,373795488.0,24.789974212646484,5.302520751953125
23886,0.0,0.001059716909523401,0.4722799999999999,4,265521.375,24.72699737548828,3.3446831703186035
23887,0.0,0.001027925402237699,0.4722599999999999,1,3607614.25,24.543825149536133,11.584162712097168
23888,0.0,0.001027925402237699,0.47223999999999994,3,15714901.0,24.40340232849121,7.387758255004883
23889,0.0,0.000945691370058683,0.4722199999999999,0,19642752.0,24.23057746887207,6.8167405128479
23890,0.0,0.0009173206289569226,0.4721999999999999,1,73540536.0,24.164817810058594,4.500022888183594
23891,0.0,0.0008898010100882148,0.47217999999999993,1,166564192.0,24.102054595947266,8.541585922241211
23892,0.0,0.0008631069797855684,0.4721599999999999,1,23740198.0,24.12957763671875,5.995034694671631
23893,0.0,0.0008372137703920013,0.4721399999999999,1,10036889.0,24.23689842224121,5.726975440979004
23894,0.0,0.0008288416326880814,0.47211999999999993,2,2258636.25,24.382156372070312,6.004352569580078
23895,0.0,0.000803976383707439,0.4720999999999999,1,13248460.0,24.489849090576172,8.555688858032227
23896,0.0,0.0007798570921962157,0.47207999999999994,1,5840315.5,24.49640655517578,12.228863716125488
23897,0.0,0.0007564613794303292,0.4720599999999999,1,9525170.0,24.56166648864746,1.617499589920044
23898,0.0,0.0007564613794303292,0.4720399999999999,3,33721596.0,24.607921600341797,4.188488006591797
23899,0.0,0.0007564613794303292,0.47201999999999994,3,97926608.0,24.62484359741211,3.4385409355163574
23900,0.0,0.0007791552208132391,0.4719999999999999,5,8148579.5,24.66097640991211,4.97034215927124
23901,0.0,0.0008025298774376363,0.4719799999999999,5,21696122.0,24.724021911621094,1.5117977857589722
23902,0.0,0.0008105551762120127,0.47195999999999994,4,7642310.5,24.776838302612305,7.638620376586914
23903,0.0,0.0008105551762120127,0.4719399999999999,3,11185073.0,24.8519287109375,4.417656898498535
23904,0.0,0.000834871831498373,0.4719199999999999,5,27262634.0,24.863658905029297,6.669840335845947
23905,0.0,0.0008265231131833893,0.47189999999999993,2,35810116.0,24.77510643005371,8.393689155578613
23906,0.0,0.0008265231131833893,0.4718799999999999,3,4948785.0,24.657760620117188,6.801987171173096
23907,0.0,0.000851318806578891,0.4718599999999999,5,107715.1015625,24.573102951049805,2.7938144207000732
23908,0.0,0.0009194243111052023,0.4718399999999999,6,10696034.0,24.490602493286133,5.445614814758301
23909,0.0,0.0009470070404383584,0.4718199999999999,5,15433456.0,24.449596405029297,6.269459247589111
23910,0.0,0.0008712464772032898,0.47179999999999994,0,85495.2890625,24.455598831176758,3.6961586475372314
23911,0.0,0.0008712464772032898,0.4717799999999999,3,628649.25,24.45693016052246,8.137100219726562
23912,0.0,0.0008625340124312568,0.4717599999999999,2,7583458.0,24.536788940429688,9.868484497070312
23913,0.0,0.0008539086723069443,0.47173999999999994,2,136337616.0,24.564586639404297,1.869942307472229
23914,0.0,0.0008624477590300138,0.4717199999999999,4,67511400.0,24.575822830200195,6.295836448669434
23915,0.0,0.0008624477590300138,0.4716999999999999,3,34222064.0,24.547672271728516,6.6410627365112305
23916,6477457.080000002,0.0006448220733580557,0.47167999999999993,6,37426788.0,24.250680923461914,7.439107894897461
23917,4479734.75,0.0006964078392267002,0.4716599999999999,6,5470410.0,16.969602584838867,11.706453323364258
23918,2800763.98,0.0007521204663648363,0.4716399999999999,6,37012908.0,16.969388961791992,9.739078521728516
23919,1942432.210000001,0.0007521204663648363,0.47161999999999993,3,18606292.0,16.96940040588379,4.243624687194824
23920,1402999.8300000005,0.0007445992617011879,0.4715999999999999,2,1993499.125,16.969524383544922,5.31519889831543
23921,880638.9900000006,0.0007669372395522236,0.47157999999999994,5,18746380.0,16.970003128051758,3.5985970497131348
23922,10512.490000000456,0.0007746066119477459,0.4715599999999999,4,22075064.0,16.970441818237305,7.547122478485107
23923,0.0,0.0008365751409035656,0.4715399999999999,6,377004608.0,16.97080421447754,9.085806846618652
23924,0.0,0.0007696491296312804,0.47151999999999994,0,280884.09375,16.971330642700195,2.502621650695801
23925,0.0,0.000708077199260778,0.4714999999999999,0,4996982.0,24.01409912109375,8.182964324951172
23926,0.0,0.0006514310233199158,0.4714799999999999,0,11519143.0,24.393033981323242,2.452291965484619
23927,0.0,0.0005993165414543226,0.47145999999999993,0,17128614.0,24.719797134399414,7.369083881378174
23928,0.0,0.0005513712181379768,0.4714399999999999,0,180949.984375,24.90517807006836,8.194233894348145
23929,0.0,0.0005072615206869387,0.4714199999999999,0,30037178.0,24.828903198242188,5.204730987548828
23930,0.0,0.00046668059903198366,0.47139999999999993,0,17129808.0,24.721729278564453,7.243739128112793
23931,0.0,0.000429346151109425,0.4713799999999999,0,147929696.0,24.618757247924805,8.88658332824707
23932,0.0,0.00044222653564270775,0.4713599999999999,5,18752352.0,24.438262939453125,9.390978813171387
23933,0.0,0.0004466488009991348,0.4713399999999999,4,122328024.0,23.971508026123047,6.139408588409424
23934,0.0,0.00046004826502910886,0.4713199999999999,5,325274432.0,24.048891067504883,8.064066886901855
23935,0.0,0.0004738497129799821,0.47129999999999994,5,7375833.0,24.000492095947266,9.197295188903809
23936,0.0,0.0004880652043693816,0.4712799999999999,5,5726954.5,24.033660888671875,8.530546188354492
23937,0.0,0.0005027071605004631,0.4712599999999999,5,26679966.0,24.172969818115234,3.8903305530548096
23938,0.0,0.00046249058766042604,0.47123999999999994,0,32652154.0,24.23818588256836,10.003003120422363
23939,0.0,0.0004578656817838218,0.4712199999999999,2,6427749.0,24.538963317871094,4.565008163452148
23940,0.0,0.00047160165223733645,0.4711999999999999,5,39893.421875,24.589672088623047,3.877211570739746
23941,0.0,0.00043387352005834956,0.47117999999999993,0,129511208.0,24.576017379760742,8.653688430786133
23942,0.0,0.00042953478485776604,0.4711599999999999,2,52156520.0,24.926494598388672,5.844005584716797
23943,0.0,0.0004252394370091884,0.4711399999999999,2,7909004.0,25.01412010192871,1.1208224296569824
23944,0.0,0.0004252394370091884,0.4711199999999999,3,2514323.0,25.1484317779541,3.0153183937072754
23945,0.0,0.00039122028204845334,0.4710999999999999,0,331315360.0,25.169828414916992,5.537259578704834
23946,0.0,0.0003873080792279688,0.47107999999999994,2,16700440.0,25.2427921295166,7.515041351318359
23947,0.0,0.0003834349984356891,0.4710599999999999,2,7803164.0,25.0301513671875,9.149740219116211
23948,0.0,0.000352760198560834,0.4710399999999999,0,35329788.0,24.88262176513672,7.631411075592041
23949,0.0,0.0003245393826759673,0.47101999999999994,0,2334907.0,24.801767349243164,2.621896505355835
23950,0.0,0.0003505025332900447,0.4709999999999999,6,72418776.0,24.6787166595459,6.258631706237793
23951,0.0,0.00032246233062684115,0.4709799999999999,0,14610503.0,24.354801177978516,6.201054573059082
23952,0.0,0.00029666534417669387,0.47095999999999993,0,5308139.0,24.448467254638672,5.359040260314941
23953,0.0,0.0003055653045019947,0.4709399999999999,5,201391.03125,24.430500030517578,5.966678619384766
23954,0.0,0.00033001052886215426,0.4709199999999999,6,3358532.75,24.350343704223633,5.586993217468262
23955,0.0,0.0003036096865531819,0.47089999999999993,0,2506152.0,24.466934204101562,4.206594467163086
23956,0.0,0.00027932091162892735,0.4708799999999999,0,6835935.5,24.70514678955078,4.038128852844238
23957,0.0,0.00027094128428005953,0.4708599999999999,1,269250400.0,24.90266227722168,4.046846866607666
23958,0.0,0.0002492659815376548,0.4708399999999999,0,11021020.0,25.16303062438965,1.1200534105300903
23959,0.0,0.0002492659815376548,0.4708199999999999,3,7721441.5,25.430957794189453,3.4899909496307373
23960,0.0,0.00024178800209152514,0.47079999999999994,1,11110070.0,25.579204559326172,4.599123001098633
23961,0.0,0.00024178800209152514,0.4707799999999999,3,60736540.0,25.58660316467285,14.258663177490234
23962,0.0,0.00024178800209152514,0.4707599999999999,3,330196672.0,25.483531951904297,7.907205581665039
23963,0.0,0.00024178800209152514,0.47073999999999994,3,8215278.0,25.282554626464844,9.149453163146973
23964,0.0,0.00024178800209152514,0.4707199999999999,3,31269.70703125,24.919496536254883,13.488945007324219
23965,0.0,0.0002442058821124404,0.4706999999999999,4,31155148.0,24.486204147338867,10.672717094421387
23966,0.0,0.00022466941154344517,0.47067999999999993,0,2873587.5,24.008167266845703,14.470497131347656
23967,0.0,0.00022691610565887962,0.4706599999999999,4,5009389.0,23.676753997802734,5.44972038269043
23968,0.0,0.00022918526671546842,0.4706399999999999,4,720713.4375,23.429576873779297,5.942088603973389
23969,0.0,0.0002314771193826231,0.4706199999999999,4,7364322.0,23.259069442749023,15.446992874145508
23970,0.0,0.00023379189057644932,0.4705999999999999,4,11334235.0,23.246871948242188,7.314618110656738
23971,0.0,0.0002361298094822138,0.47057999999999994,4,20576790.0,23.39727020263672,10.531983375549316
23972,0.0,0.00023849110757703595,0.4705599999999999,4,2081548.5,23.65699005126953,8.391350746154785
23973,0.0,0.0002408760186528063,0.4705399999999999,4,189625504.0,24.066259384155273,4.855287551879883
23974,0.0,0.00024328477883933436,0.47051999999999994,4,22545824.0,24.491270065307617,4.837491035461426
23975,0.0,0.0002457176266277277,0.4704999999999999,4,12086180.0,24.89619255065918,8.935056686401367
23976,0.0,0.00024817480289400496,0.4704799999999999,4,393357088.0,25.24771499633789,3.901507616043091
23977,0.0,0.0002456930548650649,0.47045999999999993,2,7736470.0,25.37452507019043,10.495229721069336
23978,0.0,0.00023832226321911297,0.4704399999999999,1,1915451.875,25.433395385742188,5.184820175170898
23979,0.0,0.0002407054858513041,0.4704199999999999,4,12910682.0,25.279159545898438,15.815074920654297
23980,0.0,0.00024311254070981714,0.47039999999999993,4,1859297.5,25.04924964904785,5.763034820556641
23981,0.0,0.0002236635374530318,0.4703799999999999,0,8051176.0,24.7559757232666,8.482158660888672
23982,0.0,0.00020577045445678926,0.4703599999999999,0,9120539.0,24.567983627319336,1.8075313568115234
23983,0.0,0.00019959734082308558,0.4703399999999999,1,311392064.0,24.33504295349121,8.65159797668457
23984,0.0,0.000193609420598393,0.4703199999999999,1,5018538.0,24.10686492919922,7.898538589477539
23985,0.0,0.0001878011379804412,0.47029999999999994,1,128397560.0,23.949974060058594,4.554537296295166
23986,0.0,0.00020282522901887652,0.4702799999999999,6,139732832.0,23.83196258544922,10.105896949768066
23987,0.0,0.00021905124734038664,0.4702599999999999,6,10676234.0,23.696216583251953,12.316303253173828
23988,0.0,0.0002365753471276176,0.47023999999999994,6,1845765.5,23.759593963623047,6.681708812713623
23989,0.0,0.0002365753471276176,0.4702199999999999,3,1381360.375,23.994590759277344,5.9971160888671875
23990,0.0,0.00023420959365634143,0.4701999999999999,2,65759.3515625,24.37946319580078,3.5846786499023438
23991,0.0,0.00023655168959290485,0.47017999999999993,4,2787169.5,24.72855567932129,5.146239280700684
23992,0.0,0.0002389172064888339,0.4701599999999999,4,37451936.0,25.018875122070312,8.377180099487305
23993,0.0,0.00024130637855372225,0.4701399999999999,4,7769637.0,25.386533737182617,2.303333282470703
23994,0.0,0.00024371944233925948,0.4701199999999999,4,4059212.75,25.574230194091797,9.634055137634277
23995,0.0,0.00026321699772640023,0.4700999999999999,6,12783698.0,25.50684356689453,12.908828735351562
23996,0.0,0.00024215963790828821,0.47007999999999994,0,3135117.25,25.29247283935547,10.236337661743164
23997,0.0,0.00022278686687562517,0.4700599999999999,0,64892544.0,25.01651954650879,10.082115173339844
23998,0.0,0.00020496391752557517,0.4700399999999999,0,11711360.0,24.681196212768555,6.5724287033081055
23999,0.0,0.00020701355670083092,0.47001999999999994,4,5477864.0,24.3315372467041,9.739301681518555
24000,0.0,0.00020080314999980597,0.4699999999999999,1,333857440.0,24.12791633605957,7.596804618835449
24001,0.0,0.00020281118149980404,0.4699799999999999,4,43360764.0,23.96909523010254,12.491199493408203
24002,0.0,0.00020889551694479818,0.46995999999999993,5,8759586.0,23.858747482299805,5.138819694519043
24003,0.0,0.00021098447211424616,0.4699399999999999,4,36686232.0,23.889448165893555,2.5381290912628174
24004,0.0,0.00021309431683538862,0.4699199999999999,4,5723862.0,24.06233787536621,7.087669372558594
24005,0.0,0.00021309431683538862,0.46989999999999993,3,172983824.0,24.31447982788086,5.246105194091797
24006,0.0,0.0002152252600037425,0.4698799999999999,4,173877.53125,24.252851486206055,4.505905628204346
24007,0.0,0.00021737751260377994,0.4698599999999999,4,216040.875,24.044391632080078,9.441374778747559
24008,0.0,0.00021520373747774214,0.4698399999999999,2,1090269.25,23.835420608520508,7.22799015045166
24009,0.0,0.00020874762535340988,0.4698199999999999,1,4613266.0,23.57900047302246,5.738583087921143
24010,0.0,0.00022544743538168268,0.46979999999999994,6,10947678.0,23.2681827545166,7.201079845428467
24011,0.0,0.00020741164055114808,0.4697799999999999,0,32034668.0,22.852020263671875,3.8609235286712646
24012,4734248.11,0.0005332199542219094,0.4697599999999999,1,9775651.0,22.582700729370117,4.855813503265381
24013,3121800.349999997,0.0005758775505596622,0.46973999999999994,6,331124288.0,16.988161087036133,9.573748588562012
24014,1645546.6199999985,0.0006219477546044352,0.4697199999999999,6,10128873.0,16.988056182861328,9.780877113342285
24015,882929.8699999984,0.0006717035749727901,0.4696999999999999,6,173789.765625,16.987651824951172,8.45665454864502
24016,0.0,0.0006918546822219739,0.46967999999999993,5,31313234.0,16.987226486206055,6.14169979095459
24017,0.0,0.0006987732290441936,0.4696599999999999,4,330866432.0,16.98705291748047,1.6990642547607422
24018,0.0,0.0007057609613346355,0.4696399999999999,4,107238920.0,23.659574508666992,4.626806735992432
24019,0.0,0.0007128185709479819,0.4696199999999999,4,9280061.0,24.030359268188477,4.030206203460693
24020,0.0,0.0007199467566574617,0.4695999999999999,4,5324866.0,24.220863342285156,5.789789199829102
24021,0.0,0.0006623510161248648,0.46957999999999994,0,62399176.0,24.324848175048828,3.1125693321228027
24022,0.0,0.0006822215466086108,0.4695599999999999,5,14976305.0,24.299394607543945,3.111548662185669
24023,0.0,0.0007026881930068692,0.4695399999999999,5,10512325.0,24.582590103149414,2.456136703491211
24024,0.0,0.0006956613110768005,0.46951999999999994,2,400431.15625,24.688383102416992,9.466575622558594
24025,0.0,0.0007165311504091045,0.4694999999999999,5,7290320.0,24.96400260925293,9.705410957336426
24026,0.0,0.0007093658389050135,0.4694799999999999,2,51809116.0,24.723295211791992,5.513025760650635
24027,0.0,0.0007306468140721639,0.46945999999999993,5,9962561.0,24.893600463867188,4.75186824798584
24028,0.0,0.0007233403459314423,0.4694399999999999,2,157416352.0,24.536224365234375,6.6861772537231445
24029,0.0,0.000701640135553499,0.4694199999999999,1,10500132.0,24.55441665649414,6.080179214477539
24030,0.0,0.000722689339620104,0.46939999999999993,5,9039867.0,24.421798706054688,7.546558380126953
24031,0.0,0.0007443700198087071,0.4693799999999999,5,164081.65625,24.087100982666016,5.016983985900879
24032,0.0,0.0007667011204029684,0.46935999999999994,5,1262519.625,24.083942413330078,3.129237174987793
24033,0.0,0.0008280372100352059,0.4693399999999999,6,10742824.0,24.107168197631836,5.09620475769043
24034,0.0,0.0007617942332323894,0.4693199999999999,0,41081064.0,24.093852996826172,4.589609622955322
24035,0.0,0.0007617942332323894,0.46929999999999994,3,1371867.5,24.32880210876465,12.531858444213867
24036,0.0,0.0007617942332323894,0.4692799999999999,3,2259038.0,24.235387802124023,4.441760540008545
24037,0.0,0.0007617942332323894,0.4692599999999999,3,10167627.0,24.272558212280273,7.0385236740112305
24038,0.0,0.0007541762909000655,0.46923999999999993,2,136331264.0,24.354114532470703,6.7134623527526855
24039,0.0,0.0007315510021730635,0.4692199999999999,1,15617127.0,24.50996971130371,6.548583507537842
24040,0.0,0.0007315510021730635,0.4691999999999999,3,9936652.0,24.71689796447754,4.691229820251465
24041,0.0,0.0007315510021730635,0.46917999999999993,3,6781267.0,24.825485229492188,2.0747780799865723
24042,0.0,0.0007315510021730635,0.4691599999999999,3,4509324.5,24.914386749267578,7.23606014251709
24043,0.0,0.0007534975322382554,0.4691399999999999,5,9609976.0,24.884225845336914,13.1043701171875
24044,0.0,0.0007761024582054031,0.4691199999999999,5,33980584.0,24.731916427612305,8.348223686218262
24045,0.0,0.0007140142615489709,0.4690999999999999,0,153053808.0,24.575843811035156,12.193751335144043
24046,0.0,0.0007068741189334811,0.46907999999999994,2,409455552.0,24.642602920532227,7.02855920791626
24047,0.0,0.0007280803425014856,0.4690599999999999,5,916792.1875,24.58187484741211,1.6043504476547241
24048,0.0,0.0007863267699016044,0.4690399999999999,6,29572626.0,24.471599578857422,5.319947719573975
24049,0.0,0.0007941900376006205,0.46901999999999994,4,110407792.0,24.497650146484375,4.793036937713623
24050,0.0,0.0008021319379766267,0.4689999999999999,4,502387.15625,24.707111358642578,1.5742533206939697
24051,0.0,0.000810153257356393,0.4689799999999999,4,298022848.0,24.826820373535156,3.1578521728515625
24052,0.0,0.0008344578550770848,0.46895999999999993,5,41916.18359375,24.88521957397461,5.554337501525879
24053,0.0,0.0008428024336278557,0.4689399999999999,4,4008116.0,24.887062072753906,7.198680877685547
24054,0.0,0.0008512304579641342,0.4689199999999999,4,4644484.5,24.834430694580078,8.751965522766113
24055,0.0,0.0008597427625437756,0.46889999999999993,4,7604286.5,24.799020767211914,1.1301476955413818
24056,0.0,0.0008683401901692133,0.4688799999999999,4,3551178.25,24.716693878173828,8.32218074798584
24057,0.0,0.0008770235920709054,0.46885999999999994,4,13994532.0,24.573883056640625,8.00948715209961
24058,0.0,0.0009033342998330326,0.4688399999999999,5,27300498.0,24.37584114074707,10.981648445129395
24059,0.0,0.0009033342998330326,0.4688199999999999,3,43914988.0,24.28358268737793,3.0056118965148926
24060,0.0,0.0008762342708380416,0.46879999999999994,1,67331040.0,24.285511016845703,3.523470878601074
24061,0.0,0.0008499472427129003,0.4687799999999999,1,6589914.5,24.33553123474121,9.686925888061523
24062,0.0,0.0008499472427129003,0.4687599999999999,3,75014408.0,24.294757843017578,10.479575157165527
24063,0.0,0.0009179430221299324,0.46873999999999993,6,97389392.0,24.29792022705078,7.024022102355957
24064,0.0,0.0008445075803595379,0.4687199999999999,0,14008619.0,24.364408493041992,2.0763208866119385
24065,0.0,0.0007769469739307748,0.4686999999999999,0,25909490.0,24.488292694091797,10.681119918823242
24066,0.0,0.000769177504191467,0.46867999999999993,2,59680140.0,24.587186813354492,4.883984088897705
24067,0.0,0.0008307117045267844,0.4686599999999999,6,941022.8125,24.734312057495117,1.992118000984192
24068,0.0,0.0008390188215720522,0.4686399999999999,4,20927376.0,24.825124740600586,6.192222595214844
24069,0.0,0.0008390188215720522,0.4686199999999999,3,6135009.0,24.911577224731445,5.528289794921875
24070,0.0,0.0008474090097877727,0.4685999999999999,4,42924196.0,24.876174926757812,9.430992126464844
24071,0.0,0.0009152017305707947,0.46857999999999994,6,23965860.0,24.83561897277832,5.232860565185547
24072,0.0,0.0008877456786536708,0.4685599999999999,1,132310.828125,24.67997932434082,12.618823051452637
24073,0.0,0.0008788682218671341,0.4685399999999999,2,17579194.0,24.491708755493164,12.269418716430664
24074,0.0,0.0008876569040858055,0.46851999999999994,4,40014096.0,24.186481475830078,14.696015357971191
24075,0.0,0.0008787803350449474,0.4684999999999999,2,326832.875,23.992958068847656,3.9420597553253174
24076,0.0,0.0009490827618485433,0.4684799999999999,6,2117416.0,23.96169662475586,3.238938331604004
24077,0.0,0.0009585735894670288,0.46845999999999993,4,203179440.0,23.87487030029297,13.118032455444336
24078,0.0,0.0009298163817830179,0.4684399999999999,1,10723.0712890625,23.859867095947266,7.5313920974731445
24079,0.0,0.0009577108732365085,0.4684199999999999,5,31526142.0,23.89008903503418,7.117786407470703
24080,0.0,0.0010343277430954292,0.4683999999999999,6,3369564.0,23.899742126464844,9.754260063171387
24081,0.0,0.0010239844656644748,0.4683799999999999,2,5076878.0,23.905244827270508,10.222736358642578
24082,0.0,0.0009932649316945405,0.46835999999999994,1,20499800.0,24.033485412597656,7.096582889556885
24083,0.0,0.0009634669837437043,0.4683399999999999,1,18756960.0,24.20009994506836,2.500483512878418
24084,0.0,0.0009345629742313932,0.4683199999999999,1,612586.9375,24.322465896606445,6.78192138671875
24085,0.0,0.0009065260850044513,0.46829999999999994,1,103228.09375,24.41431427001953,8.03042221069336
24086,0.0,0.0009790481718048075,0.4682799999999999,6,28875266.0,24.582792282104492,1.4893651008605957
24087,0.0,0.0009496767266506632,0.4682599999999999,1,12024855.0,24.781818389892578,4.526896953582764
24088,0.0,0.0009211864248511434,0.46823999999999993,1,57431848.0,25.07012176513672,4.852729320526123
24089,0.0,0.000847491510863052,0.4682199999999999,0,4616730.0,25.2830867767334,3.287761688232422
24090,0.0,0.0007796921899940078,0.4681999999999999,0,69524616.0,25.228042602539062,14.258075714111328
24091,0.0,0.0007173168147944873,0.46817999999999993,0,3214894.75,25.165328979492188,2.8173940181732178
24092,0.0,0.0007388363192383219,0.4681599999999999,5,13282906.0,25.056001663208008,6.550268173217773
24093,0.0,0.0007610014088154716,0.4681399999999999,5,7133864.5,24.913448333740234,9.46411418914795
24094,0.0,0.0007533913947273169,0.4681199999999999,2,43765060.0,24.782093048095703,4.94364070892334
24095,0.0,0.0007307896528854973,0.4680999999999999,1,4717208.0,24.613906860351562,11.413824081420898
24096,0.0,0.0007892528251163372,0.46807999999999994,6,49943.5234375,24.457275390625,3.2387654781341553
24097,0.0,0.000765575240362847,0.4680599999999999,1,744055.0,24.43827247619629,4.147861480712891
24098,0.0,0.0007579194879592185,0.4680399999999999,2,7033460.5,24.40321159362793,4.672102451324463
24099,0.0,0.0007654986828388108,0.46801999999999994,4,3846460.5,24.436878204345703,6.227646350860596
24100,0.0,0.0007884636433239751,0.4679999999999999,5,1705931.0,24.4442138671875,7.032078742980957
24101,0.0,0.0008121175526236944,0.4679799999999999,5,9008816.0,24.451662063598633,4.724278450012207
24102,0.0,0.0008121175526236944,0.46795999999999993,3,787851.6875,24.226173400878906,5.824031829833984
24103,0.0,0.00087708695683359,0.4679399999999999,6,2636837.0,23.951841354370117,9.161311149597168
24104,0.0,0.0008683160872652541,0.4679199999999999,2,2926716.5,23.596174240112305,5.455174922943115
24105,0.0,0.0008422666046472965,0.4678999999999999,1,6274484.0,23.310224533081055,5.902779579162598
24106,0.0,0.0008422666046472965,0.4678799999999999,3,14243770.0,23.005746841430664,4.538051605224609
24107,4630614.860000003,0.0006696365402541156,0.46785999999999994,4,54105852.0,22.53289794921875,7.658044338226318
24108,3634962.3800000027,0.0006696365402541156,0.4678399999999999,3,178128.140625,17.00750160217285,5.809450626373291
24109,3176625.760000003,0.0007232074634744448,0.4678199999999999,6,6144536.5,17.006994247436523,11.394883155822754
24110,2588122.4400000023,0.0007810640605524005,0.46779999999999994,6,4221243.0,17.006799697875977,3.9219069480895996
24111,2072965.9000000022,0.0007810640605524005,0.4677799999999999,3,3591138.25,17.006412506103516,8.913126945495605
24112,832957.7900000038,0.0008044959823689725,0.4677599999999999,5,3151907.0,17.00635528564453,5.346621513366699
24113,645976.4300000038,0.0008044959823689725,0.46773999999999993,3,9153365.0,17.00650978088379,6.08423376083374
24114,260019.66000000428,0.0008688556609584904,0.4677199999999999,6,4010304.25,17.006772994995117,5.533594608306885
24115,177071.8100000043,0.0007993472080818112,0.4676999999999999,0,349091744.0,17.007238388061523,5.862694263458252
24116,0.0,0.0008233276243242656,0.46767999999999993,5,6219706.0,17.00795555114746,3.767110586166382
24117,0.0,0.0008480274530539935,0.4676599999999999,5,24737468.0,17.008705139160156,5.9618988037109375
24118,0.0,0.0008395471785234536,0.4676399999999999,2,382257.96875,24.66586685180664,5.43691873550415
24119,0.0,0.0009067109528053299,0.4676199999999999,6,9323609.0,24.905235290527344,9.382980346679688
24120,0.0,0.0009792478290297562,0.4675999999999999,6,20444116.0,24.602035522460938,10.195637702941895
24121,0.0,0.0010575876553521367,0.46757999999999994,6,8278415.5,24.499841690063477,11.538602828979492
24122,0.0,0.0010681635319056582,0.4675599999999999,4,195459728.0,24.260337829589844,10.359148025512695
24123,0.0,0.0009827104493532056,0.4675399999999999,0,12082615.0,24.135934829711914,10.429058074951172
24124,0.0,0.001061327285301462,0.46751999999999994,6,5603165.5,24.314315795898438,3.6947970390319824
24125,0.0,0.001029487466742418,0.4674999999999999,1,192314352.0,23.868074417114258,11.083369255065918
24126,0.0,0.0009986028427401456,0.4674799999999999,1,59396660.0,24.112302780151367,4.776729583740234
24127,0.0,0.0009686447574579412,0.46745999999999993,1,2085869.75,24.16339683532715,6.308688163757324
24128,0.0,0.0009395854147342029,0.4674399999999999,1,6812897.5,24.3221492767334,1.6472502946853638
24129,0.0,0.0009113978522921767,0.4674199999999999,1,99179728.0,24.512746810913086,9.115102767944336
24130,0.0,0.0008840559167234114,0.4673999999999999,1,13750575.0,24.708187103271484,5.884530067443848
24131,0.0,0.0008752153575561773,0.4673799999999999,2,11128302.0,24.857912063598633,10.010376930236816
24132,0.0,0.000848958896829492,0.46735999999999994,1,46769540.0,24.94476318359375,8.1847562789917
24133,0.0,0.0008404693078611971,0.4673399999999999,2,5197027.0,25.0546875,5.89382266998291
24134,0.0,0.0008404693078611971,0.4673199999999999,3,5085328.0,25.1102294921875,5.571611404418945
24135,0.0,0.0009077068524900929,0.46729999999999994,6,323401792.0,25.167882919311523,0.6583058834075928
24136,0.0,0.0008350903042908855,0.4672799999999999,0,3482760.75,25.014551162719727,11.499216079711914
24137,0.0,0.0008434412073337943,0.4672599999999999,4,2684288.5,25.008716583251953,6.855002403259277
24138,0.0,0.0008518756194071323,0.46723999999999993,4,54937960.0,24.65594482421875,12.124456405639648
24139,0.0,0.000843356863213061,0.4672199999999999,2,4724232.0,24.491548538208008,3.047574996948242
24140,0.0,0.0008517904318451916,0.4671999999999999,4,10049928.0,24.3992977142334,5.089432716369629
24141,0.0,0.0007836471972975763,0.46717999999999993,0,10011855.0,24.247371673583984,5.065805435180664
24142,0.0,0.0007914836692705521,0.4671599999999999,4,4528664.0,24.32701873779297,3.3721163272857666
24143,0.0,0.0007677391591924355,0.4671399999999999,1,679123.25,24.274354934692383,8.361237525939941
24144,0.0,0.0007677391591924355,0.4671199999999999,3,4227585.0,24.365699768066406,6.819141387939453
24145,0.0,0.0007754165507843599,0.4670999999999999,4,4627009.0,24.373760223388672,9.630043029785156
24146,0.0,0.0007831707162922035,0.46707999999999994,4,515933440.0,24.345260620117188,8.114875793457031
24147,0.0,0.0007910024234551255,0.4670599999999999,4,16475542.0,24.342449188232422,7.655139923095703
24148,0.0,0.0007830923992205742,0.4670399999999999,2,38229940.0,24.219566345214844,15.490659713745117
24149,0.0,0.0007830923992205742,0.46701999999999994,3,8809224.0,24.104019165039062,9.462740898132324
24150,0.0,0.0007830923992205742,0.4669999999999999,3,6662444.0,24.04384994506836,6.9788594245910645
24151,0.0,0.00079092332321278,0.4669799999999999,4,340958560.0,24.114986419677734,2.725994825363159
24152,0.0,0.0007988325564449078,0.46695999999999993,4,21813172.0,24.151145935058594,9.689605712890625
24153,0.0,0.0007988325564449078,0.4669399999999999,3,58581928.0,24.252012252807617,3.428302049636841
24154,0.0,0.0007908442308804587,0.4669199999999999,2,13400798.0,24.441160202026367,6.047552108764648
24155,0.0,0.0007908442308804587,0.4668999999999999,3,6266618.5,24.630693435668945,6.55776309967041
24156,0.0,0.0007275766924100221,0.4668799999999999,0,496392128.0,24.80949592590332,9.04941177368164
24157,0.0,0.0006693705570172203,0.46685999999999994,0,12975120.0,24.9121150970459,10.070362091064453
24158,0.0,0.0006894516737277369,0.4668399999999999,5,266377.9375,24.996379852294922,10.41360092163086
24159,0.0,0.0007446078076259559,0.4668199999999999,6,31670924.0,25.13057518005371,0.9916921854019165
24160,0.0,0.0007520538857022155,0.46679999999999994,4,4759498.0,25.233753204345703,5.08075475692749
24161,0.0,0.0006918895748460383,0.4667799999999999,0,6245469.0,25.200593948364258,11.580327987670898
24162,0.0,0.0006711328876006571,0.4667599999999999,1,28741052.0,25.16043472290039,3.2504444122314453
24163,0.0,0.0006778442164766637,0.46673999999999993,4,748578.1875,25.055009841918945,10.558294296264648
24164,0.0,0.0006846226586414303,0.4667199999999999,4,139502768.0,24.839988708496094,6.4247941970825195
24165,0.0,0.0006914688852278446,0.4666999999999999,4,131872080.0,24.67458152770996,5.485131740570068
24166,0.0,0.0007467863960460722,0.46667999999999993,6,3218643.5,24.509790420532227,9.061962127685547
24167,0.0,0.0007691899879274543,0.4666599999999999,5,9843046.0,24.36396026611328,4.9808125495910645
24168,0.0,0.0008307251869616507,0.46663999999999994,6,4962348.0,24.279611587524414,5.422076225280762
24169,0.0,0.0008390324388312673,0.4666199999999999,4,9006706.0,24.246585845947266,12.075775146484375
24170,0.0,0.0008306421144429546,0.4665999999999999,2,8890361.0,24.243064880371094,4.263350009918213
24171,0.0,0.0008306421144429546,0.46657999999999994,3,329500352.0,24.267492294311523,4.641501426696777
24172,0.0,0.000897093483598391,0.4665599999999999,6,2539860.75,24.373384475708008,4.909651756286621
24173,0.0,0.0008701806790904393,0.4665399999999999,1,30012248.0,24.4710750579834,8.492239952087402
24174,0.0,0.0008440752587177261,0.46651999999999993,1,224529.21875,24.52021026611328,4.856469631195068
24175,0.0,0.0008187530009561943,0.4664999999999999,1,1692072.75,24.66553497314453,7.321577072143555
24176,0.0,0.0008269405309657562,0.4664799999999999,4,8932929.0,24.791223526000977,4.810770511627197
24177,0.0,0.0008269405309657562,0.46645999999999993,3,8177629.5,24.85550880432129,6.265836715698242
24178,0.0,0.0008269405309657562,0.4664399999999999,3,80716392.0,24.890642166137695,6.230565547943115
24179,0.0,0.0008352099362754138,0.4664199999999999,4,44970780.0,24.883712768554688,6.875094890594482
24180,0.0,0.0008435620356381679,0.4663999999999999,4,2582516.0,24.829212188720703,7.747963905334473
24181,0.0,0.0008435620356381679,0.4663799999999999,3,7581101.0,24.78614616394043,6.49409294128418
24182,0.0,0.0008182551745690229,0.46635999999999994,1,182863968.0,24.673948287963867,8.595681190490723
24183,0.0,0.0008100726228233326,0.4663399999999999,2,36269396.0,24.54022979736328,6.678945064544678
24184,0.0,0.0008100726228233326,0.4663199999999999,3,6667914.0,24.463016510009766,3.0834994316101074
24185,0.0,0.0008019718965950993,0.46629999999999994,2,123129376.0,24.433320999145508,2.1329712867736816
24186,0.0,0.0008260310534929523,0.4662799999999999,5,6493976.5,24.347307205200195,9.563206672668457
24187,0.0,0.0008012501218881637,0.4662599999999999,1,4763725.0,24.281475067138672,6.021007537841797
24188,0.0,0.0008252876255448086,0.46623999999999993,5,24701448.0,24.174476623535156,7.828731536865234
24189,0.0,0.0008500462543111529,0.4662199999999999,5,337583264.0,24.228649139404297,5.027407646179199
24190,0.0,0.0009180499546560452,0.4661999999999999,6,30690940.0,24.200345993041992,7.5121307373046875
24191,0.0,0.000991493951028529,0.46617999999999993,6,1817259.5,24.22258949279785,10.578947067260742
24192,0.0,0.0009121744349462466,0.4661599999999999,0,5766809.0,24.25185203552246,4.772497177124023
24193,0.0,0.0009212961792957091,0.46613999999999994,4,10353771.0,24.1914119720459,3.5274240970611572
24194,0.0,0.0009305091410886662,0.4661199999999999,4,4509044.5,24.500133514404297,5.093003273010254
24195,0.0,0.0009398142324995529,0.4660999999999999,4,128062504.0,24.618877410888672,10.245368003845215
24196,0.0,0.0009304160901745574,0.46607999999999994,2,124006.7890625,24.767131805419922,5.617122650146484
24197,0.0,0.000939720251076303,0.4660599999999999,4,1586217.875,24.63292694091797,9.617551803588867
24198,0.0,0.000949117453587066,0.4660399999999999,4,6909815.5,24.233341217041016,14.084985733032227
24199,4168410.439999993,0.0004648306485926266,0.46601999999999993,2,223102.5,17.032337188720703,15.485614776611328
24200,2256159.2399999974,0.0005020171004800367,0.4659999999999999,6,6510766.5,17.032148361206055,8.438543319702148
24201,1059629.1399999987,0.0005421784685184397,0.4659799999999999,6,16219192.0,17.032386779785156,3.734621524810791
24202,102246.09999999765,0.0005367566838332553,0.46595999999999993,2,3611960.0,17.03279685974121,2.759488821029663
24203,0.0,0.000552859384348253,0.4659399999999999,5,18786516.0,17.033206939697266,4.971717834472656
24204,0.0,0.0005583879781917355,0.4659199999999999,4,31964480.0,17.033449172973633,6.586583137512207
24205,0.0,0.0005639718579736529,0.4658999999999999,4,3039494.5,23.85955810546875,13.594782829284668
24206,0.0,0.0005639718579736529,0.4658799999999999,3,114625424.0,24.182004928588867,8.49020004272461
24207,0.0,0.0005188541093357606,0.46585999999999994,0,42865340.0,24.458145141601562,4.3824076652526855
24208,0.0,0.0005188541093357606,0.4658399999999999,3,175240.53125,23.60297393798828,4.215498924255371
24209,0.0,0.0005188541093357606,0.4658199999999999,3,109079152.0,24.607053756713867,8.599209785461426
24210,0.0,0.0005188541093357606,0.46579999999999994,3,78473120.0,24.69580078125,6.0614013671875
24211,0.0,0.0005344197326158334,0.4657799999999999,5,7991456.0,24.81155776977539,5.553389072418213
24212,0.0,0.0005504523245943085,0.4657599999999999,5,6139100.5,24.799352645874023,3.5324933528900146
24213,0.0,0.0005339387548564792,0.46573999999999993,1,307347360.0,24.870769500732422,5.757527828216553
24214,0.0,0.0005339387548564792,0.4657199999999999,3,954387.875,25.20079231262207,5.452281951904297
24215,0.0,0.0005179205922107848,0.4656999999999999,1,4138467.5,25.0859317779541,5.900970935821533
24216,0.0,0.0005230997981328926,0.4656799999999999,4,8748476.0,25.188823699951172,6.472883224487305
24217,0.0,0.0005178688001515637,0.4656599999999999,2,148202.828125,24.922014236450195,7.070640563964844
24218,0.0,0.0005592983041636889,0.46563999999999994,6,11655906.0,24.947023391723633,1.340254306793213
24219,0.0,0.000553705321122052,0.4656199999999999,2,71945752.0,24.663713455200195,7.728089332580566
24220,0.0,0.0005592423743332724,0.4655999999999999,4,636886656.0,24.70977020263672,2.302812099456787
24221,0.0,0.0005760196455632706,0.46557999999999994,5,343986624.0,24.505685806274414,11.67954158782959
24222,0.0,0.0006221012172083323,0.4655599999999999,6,3112764.0,24.35592269897461,9.028142929077148
24223,0.0,0.0006158802050362489,0.4655399999999999,2,14153321.0,24.219280242919922,8.858384132385254
24224,0.0,0.0006220390070866114,0.46551999999999993,4,2640767.0,24.339950561523438,4.831305027008057
24225,0.0,0.0005722758865196824,0.4654999999999999,0,14736034.0,24.289531707763672,4.679319381713867
24226,0.0,0.0005779986453848793,0.4654799999999999,4,24031350.0,24.444082260131836,7.623147487640381
24227,0.0,0.0006242385370156696,0.46545999999999993,6,18661608.0,24.411571502685547,5.37993049621582
24228,0.0,0.0006741776199769232,0.4654399999999999,6,420560.40625,24.433780670166016,5.511153221130371
24229,0.0,0.0007281118295750771,0.4654199999999999,6,19397246.0,24.55320930480957,5.205320358276367
24230,0.0,0.0007353929478708278,0.4653999999999999,4,17015500.0,24.699647903442383,1.150156021118164
24231,0.0,0.0007942243837004941,0.4653799999999999,6,8623465.0,24.875423431396484,4.432313919067383
24232,0.0,0.0007942243837004941,0.46535999999999994,3,3145442.5,24.8979434967041,4.9102044105529785
24233,0.0,0.0008577623343965337,0.4653399999999999,6,2331348.25,25.008289337158203,12.582829475402832
24234,0.0,0.000866339957740499,0.4653199999999999,4,1518657.625,24.87028694152832,7.981046676635742
24235,0.0,0.000892330156472714,0.46529999999999994,5,186347104.0,24.892980575561523,5.030787944793701
24236,0.0,0.0008655602517785325,0.4652799999999999,1,38987160.0,24.871192932128906,2.274613618850708
24237,0.0,0.0008395934442251765,0.4652599999999999,1,1854774.25,24.858125686645508,7.004092693328857
24238,0.0,0.0008144056408984212,0.46523999999999993,1,61506752.0,24.742677688598633,6.912054538726807
24239,0.0,0.0008225496973074054,0.4652199999999999,4,35839156.0,24.57970428466797,12.859460830688477
24240,0.0,0.0007978732063881832,0.4651999999999999,1,6955719.0,24.33904457092285,12.496702194213867
24241,0.0,0.0007898944743243014,0.4651799999999999,2,16084078.0,24.199228286743164,3.3961315155029297
24242,0.0,0.0007661976400945723,0.4651599999999999,1,8605182.0,24.085674285888672,8.998351097106934
24243,0.0,0.0007585356636936266,0.46513999999999994,2,28856200.0,24.132320404052734,2.4160561561584473
24244,0.0,0.0007357795937828178,0.4651199999999999,1,76137088.0,24.277538299560547,3.555495023727417
24245,0.0,0.0007137062059693333,0.4650999999999999,1,7954381.5,24.401512145996094,13.017216682434082
24246,0.0,0.0007208432680290267,0.46507999999999994,4,311529856.0,24.601016998291016,4.144136905670166
24247,0.0,0.0007424685660698975,0.4650599999999999,5,7711588.5,24.802824020385742,5.071352005004883
24248,0.0,0.0006830710807843057,0.4650399999999999,0,5553829.0,24.955774307250977,10.662480354309082
24249,0.0,0.0006899017915921487,0.46501999999999993,4,19544628.0,25.03437614440918,7.833408832550049
24250,0.0,0.0007105988453399132,0.4649999999999999,5,21956644.0,25.05248260498047,9.485363006591797
24251,0.0,0.0007319168107001107,0.4649799999999999,5,5386155.0,24.988197326660156,10.54783821105957
24252,0.0,0.0006733634658441019,0.46495999999999993,0,4335889.0,24.927705764770508,3.5430054664611816
24253,0.0,0.0006733634658441019,0.4649399999999999,3,915318.375,24.80837631225586,6.870553016662598
24254,0.0,0.0006800971005025429,0.4649199999999999,4,64906756.0,24.71343231201172,3.3289129734039307
24255,0.0,0.0007345048685427464,0.4648999999999999,6,2129254.75,24.647459030151367,7.100992202758789
24256,0.0,0.0007565400145990288,0.4648799999999999,5,2501401.0,24.59356117248535,6.816458702087402
24257,0.0,0.0006960168134311065,0.46485999999999994,0,58315.84375,24.598112106323242,2.7362258434295654
24258,0.0,0.0006751363090281733,0.4648399999999999,1,7091259.0,24.613025665283203,3.267806053161621
24259,0.0,0.0006211254043059194,0.4648199999999999,0,23900344.0,24.625032424926758,3.859313726425171
24260,0.0,0.0006273366583489786,0.46479999999999994,4,4322334.0,24.636661529541016,5.909154891967773
24261,0.0,0.0006085165585985092,0.4647799999999999,1,397584128.0,24.567079544067383,9.23602294921875
24262,0.0,0.0005902610618405539,0.4647599999999999,1,18357086.0,24.498010635375977,8.424542427062988
24263,0.0,0.0005843584512221483,0.46473999999999993,2,8855392.0,24.38145637512207,8.962288856506348
24264,0.0,0.0006018892047588128,0.4647199999999999,5,191803056.0,24.377254486083984,3.7522544860839844
24265,0.0,0.0006079080968064009,0.4646999999999999,4,18460560.0,24.39592170715332,5.811527252197266
24266,0.0,0.0006018290158383368,0.4646799999999999,2,73835192.0,24.44845199584961,5.32162618637085
24267,0.0,0.0005958107256799534,0.4646599999999999,2,2672828.0,24.520496368408203,5.081089973449707
24268,0.0,0.0005898526184231539,0.46463999999999994,2,1197703.375,24.643754959106445,1.734463095664978
24269,0.0,0.0005839540922389224,0.4646199999999999,2,1257752.125,24.76760482788086,8.246953010559082
24270,0.0,0.0005839540922389224,0.4645999999999999,3,251367.0625,24.814422607421875,8.001250267028809
24271,0.0,0.0005781145513165331,0.46457999999999994,2,10102734.0,24.85479736328125,7.160550594329834
24272,0.0,0.0005723334058033678,0.4645599999999999,2,2737273.25,24.878448486328125,1.798256278038025
24273,0.0,0.0005723334058033678,0.4645399999999999,3,57046124.0,24.8502140045166,9.714754104614258
24274,0.0,0.0005551634036292667,0.46451999999999993,1,30983886.0,24.82048988342285,1.1382628679275513
24275,0.0,0.0005995764759196081,0.4644999999999999,6,1155588.125,24.682140350341797,7.9245219230651855
24276,0.0,0.0006475425939931768,0.4644799999999999,6,43997204.0,24.673999786376953,3.5694875717163086
24277,0.0,0.0006993460015126309,0.46445999999999993,6,60047884.0,24.569072723388672,9.155525207519531
24278,0.0,0.0006993460015126309,0.4644399999999999,3,4843589.0,24.533082962036133,1.342918038368225
24279,0.0,0.0007552936816336414,0.4644199999999999,6,191110288.0,24.515958786010742,4.427722930908203
24280,0.0,0.0007552936816336414,0.4643999999999999,3,5109957.5,24.38058090209961,14.134132385253906
24281,0.0,0.0006948701871029502,0.4643799999999999,0,8969507.0,24.237354278564453,3.274012327194214
24282,0.0,0.0006392805721347142,0.46435999999999994,0,231124720.0,24.051403045654297,6.372448921203613
24283,0.0,0.0005881381263639371,0.4643399999999999,0,14048049.0,24.074260711669922,4.384552955627441
24284,0.0,0.0005410870762548221,0.4643199999999999,0,4679775.5,24.146240234375,5.619682788848877
24285,0.0,0.0005573196885424668,0.46429999999999993,5,373155808.0,24.188369750976562,11.39018726348877
24286,0.0,0.0005628928854278914,0.4642799999999999,4,67797016.0,24.440332412719727,6.768115043640137
24287,0.0,0.0005572639565736125,0.4642599999999999,2,27627544.0,24.44516372680664,6.226834774017334
24288,0.0,0.0005516913170078764,0.46423999999999993,2,169068.203125,24.50784683227539,5.556091785430908
24289,0.0,0.0005516913170078764,0.4642199999999999,3,138822720.0,24.493812561035156,7.370421886444092
24290,0.0,0.0005351405774976401,0.4641999999999999,1,329205.15625,24.323535919189453,6.315865516662598
24291,0.0,0.0005297891717226637,0.4641799999999999,2,382593.90625,23.938688278198242,12.513718605041504
24292,0.0,0.0005350870634398903,0.4641599999999999,4,152354528.0,23.485658645629883,8.755716323852539
24293,0.0,0.0005778940285150816,0.46413999999999994,6,22437002.0,23.073970794677734,2.407055616378784
24294,2928391.669999987,0.0005215056567578107,0.4641199999999999,5,52287364.0,22.634597778320312,3.9487147331237793
24295,2292264.8999999873,0.0005215056567578107,0.4640999999999999,3,5087489.5,17.052448272705078,7.500389575958252
24296,661456.6299999808,0.0005267207133253888,0.46407999999999994,4,14920026.0,17.052616119384766,4.575080871582031
24297,366658.9499999806,0.00056885837039142,0.4640599999999999,6,3276480.75,17.052892684936523,7.0340471267700195
24298,0.0,0.0005745469540953342,0.4640399999999999,4,16294845.0,17.053104400634766,5.164252281188965
24299,0.0,0.0005917833627181943,0.46401999999999993,5,8414329.0,17.053470611572266,2.4218480587005615
24300,0.0,0.0005858655290910123,0.4639999999999999,2,3478758.75,24.26995849609375,4.503664970397949
24301,0.0,0.0005682895632182819,0.4639799999999999,1,453741760.0,25.134857177734375,5.307849884033203
24302,0.0,0.0005626066675860991,0.46395999999999993,2,10498253.0,25.327632904052734,2.094346046447754
24303,0.0,0.0005457284675585162,0.4639399999999999,1,4691453.5,25.39490509033203,6.9794535636901855
24304,0.0,0.0005402711828829311,0.46391999999999994,2,13551085.0,25.503808975219727,8.462706565856934
24305,0.0,0.0005240630473964431,0.4638999999999999,1,45678260.0,25.329565048217773,9.931015014648438
24306,0.0,0.0005397849388183364,0.4638799999999999,5,37632096.0,25.19493293762207,7.656445503234863
24307,0.0,0.0005397849388183364,0.46385999999999994,3,356172288.0,24.588764190673828,11.406722068786621
24308,0.0,0.0005397849388183364,0.4638399999999999,3,26419100.0,24.44222068786621,6.668610572814941
24309,0.0,0.0005397849388183364,0.4638199999999999,3,179823232.0,24.143827438354492,9.265349388122559
24310,0.0,0.0005397849388183364,0.46379999999999993,3,53580552.0,23.97096061706543,3.4360668659210205
24311,0.0,0.0005397849388183364,0.4637799999999999,3,3919221.75,23.904464721679688,4.141292095184326
24312,0.0,0.0005397849388183364,0.4637599999999999,3,3687452.5,23.82866859436035,8.524395942687988
24313,0.0,0.0005397849388183364,0.46373999999999993,3,24597124.0,23.810705184936523,7.588033676147461
24314,0.0,0.0005235913906537863,0.4637199999999999,1,24787662.0,23.936229705810547,5.521205425262451
24315,0.0,0.0005183554767472485,0.4636999999999999,2,318153600.0,24.124147415161133,12.650218963623047
24316,0.0,0.0004768870386074687,0.4636799999999999,0,27204084.0,24.21973419189453,3.6993188858032227
24317,0.0,0.0005150380016960662,0.4636599999999999,6,8461781.0,24.496780395507812,5.769461631774902
24318,0.0,0.0005098876216791055,0.46363999999999994,2,30206244.0,24.459285736083984,4.910825252532959
24319,0.0,0.0004945909930287323,0.4636199999999999,1,61088804.0,24.774805068969727,4.116623401641846
24320,0.0,0.0005094287228195942,0.4635999999999999,5,5715429.0,24.858877182006836,10.022699356079102
24321,0.0,0.0005247115845041821,0.46357999999999994,5,6657382.5,24.792034149169922,4.742177963256836
24322,0.0,0.0005666885112645167,0.4635599999999999,6,11362959.0,24.869447708129883,4.631591796875
24323,0.0,0.0005723553963771619,0.4635399999999999,4,77450600.0,24.964157104492188,3.086334466934204
24324,0.0,0.000526566964666989,0.46351999999999993,0,15516782.0,24.927520751953125,13.01533317565918
24325,0.0,0.000526566964666989,0.4634999999999999,3,21747956.0,24.93160629272461,8.598503112792969
24326,0.0,0.0004844416074936299,0.4634799999999999,0,12816238.0,24.7303466796875,6.314699172973633
24327,0.0,0.00046990835926882097,0.4634599999999999,1,3809950.5,24.669416427612305,8.9031343460083
24328,0.0,0.00045581110849075634,0.4634399999999999,1,50117212.0,24.549978256225586,5.470422267913818
24329,0.0,0.0004512529974058488,0.46341999999999994,2,9183535.0,24.447265625,6.673788547515869
24330,0.0,0.0004377154074836733,0.4633999999999999,1,9356963.0,24.456802368164062,1.8119322061538696
24331,0.0,0.00045084686970818354,0.4633799999999999,5,343381664.0,24.51082420349121,3.4917101860046387
24332,0.0,0.00045084686970818354,0.46335999999999994,3,6009138.0,24.54408836364746,4.157508373260498
24333,0.0,0.00043732146361693804,0.4633399999999999,1,9089804.0,24.701759338378906,4.953972816467285
24334,0.0,0.0004416946782531074,0.4633199999999999,4,9928827.0,24.794450759887695,7.5713348388671875
24335,0.0,0.00042844383790551416,0.46329999999999993,1,19334404.0,24.961597442626953,1.5709688663482666
24336,0.0,0.00042844383790551416,0.4632799999999999,3,18875322.0,25.0965576171875,3.4566855430603027
24337,0.0,0.00042844383790551416,0.4632599999999999,3,6903085.0,25.20619010925293,3.649190664291382
24338,0.0,0.00042844383790551416,0.46323999999999993,3,6774283.0,25.200294494628906,10.517094612121582
24339,0.0,0.0004327282762845693,0.4632199999999999,4,35470888.0,25.0928897857666,8.475264549255371
24340,0.0,0.0004327282762845693,0.4631999999999999,3,4322502.5,24.95571517944336,3.750676393508911
24341,0.0,0.0004327282762845693,0.4631799999999999,3,159811.53125,24.864898681640625,4.467226505279541
24342,0.0,0.00039811001418180376,0.4631599999999999,0,6231562.0,24.78914451599121,5.751180648803711
24343,0.0,0.0004100533146072579,0.46313999999999994,5,65605.875,24.64507484436035,7.288275241851807
24344,0.0,0.00044285757977583856,0.4631199999999999,6,17617980.0,24.447324752807617,11.800525665283203
24345,0.0,0.0004561433071691137,0.4630999999999999,5,466742.71875,24.343408584594727,4.6186041831970215
24346,0.0,0.0004515818740974226,0.46307999999999994,2,3199591.75,24.268770217895508,7.478471279144287
24347,0.0,0.0004877084240252164,0.4630599999999999,6,177355712.0,24.27678680419922,4.564681529998779
24348,0.0,0.0004486917501031991,0.4630399999999999,0,66781808.0,24.325481414794922,4.981947422027588
24349,0.0,0.0004127964100949432,0.46301999999999993,0,10185075.0,24.365816116333008,8.54177188873291
24350,0.0,0.0004004125177920949,0.4629999999999999,1,43805272.0,24.462644577026367,9.346281051635742
24351,0.0,0.0004324455192154625,0.4629799999999999,6,182982736.0,24.498018264770508,12.992338180541992
24352,0.0,0.00039784987767822554,0.4629599999999999,0,1099594.125,24.557044982910156,2.92294979095459
24353,0.0,0.0004018283764550078,0.4629399999999999,4,3912922.5,24.684885025024414,5.8653950691223145
24354,0.0,0.0003696821063386072,0.46291999999999994,0,30073086.0,24.850868225097656,4.429628849029541
24355,0.0,0.0003733789274019933,0.4628999999999999,4,186110656.0,24.994415283203125,2.815850257873535
24356,0.0,0.00034350861320983384,0.4628799999999999,0,5078655.0,25.120220184326172,3.895578145980835
24357,0.0,0.0003469436993419322,0.46285999999999994,4,152790752.0,25.13493537902832,5.640089511871338
24358,0.0,0.00031918820339457764,0.4628399999999999,0,10329852.0,25.048707962036133,11.508861541748047
24359,0.0,0.00034472325966614385,0.4628199999999999,6,16163389.0,24.76139259338379,10.620268821716309
24360,0.0,0.00031714539889285236,0.46279999999999993,0,934205.8125,24.48876953125,8.367050170898438
24361,0.0,0.0003266597608596379,0.4627799999999999,5,6064300.0,24.219989776611328,5.923433780670166
24362,0.0,0.0003266597608596379,0.4627599999999999,3,44123232.0,24.063756942749023,5.159382343292236
24363,0.0,0.000352792541728409,0.46273999999999993,6,8156655.5,23.985931396484375,6.589157581329346
24364,0.0,0.00034926461631112486,0.4627199999999999,2,5450835.0,23.941728591918945,7.627728462219238
24365,0.0,0.0003457719701480136,0.4626999999999999,2,309679552.0,24.00261116027832,8.436686515808105
24366,0.0,0.0003734337277598547,0.4626799999999999,6,199174048.0,24.10896110534668,9.971874237060547
24367,0.0,0.00034355902953906635,0.4626599999999999,0,3933455.0,24.248443603515625,6.618688583374023
24368,0.0,0.0003538658004252383,0.46263999999999994,5,165027456.0,24.433059692382812,7.091342926025391
24369,0.0,0.0003644817744379955,0.4626199999999999,5,32637330.0,24.579105377197266,11.825506210327148
24370,0.0,0.0003644817744379955,0.4625999999999999,3,497268.9375,24.680513381958008,9.822880744934082
24371,0.0,0.0003644817744379955,0.46257999999999994,3,25478084.0,24.765548706054688,5.247825622558594
24372,0.0,0.0003644817744379955,0.4625599999999999,3,222344.5,24.829025268554688,8.658624649047852
24373,0.0,0.00033532323248295585,0.4625399999999999,0,39509456.0,24.887781143188477,5.291012287139893
24374,0.0,0.00033532323248295585,0.46251999999999993,3,2530948.75,24.926254272460938,3.1043596267700195
24375,0.0,0.00032526353550846717,0.4624999999999999,1,133019888.0,25.109607696533203,8.036046028137207
24376,0.0,0.0003285161708635518,0.4624799999999999,4,24553960.0,25.050867080688477,7.54694938659668
24377,0.0,0.0003022348771944677,0.4624599999999999,0,56639128.0,25.072330474853516,5.8224334716796875
24378,0.0,0.0002780560870189103,0.4624399999999999,0,2272531.5,24.921894073486328,1.0216929912567139
24379,0.0,0.0002558116000573975,0.46241999999999994,0,159017056.0,24.810022354125977,7.956037998199463
24380,0.0,0.0002583697160579715,0.4623999999999999,4,67503224.0,24.807506561279297,7.2657551765441895
24381,0.0,0.00027903929334260923,0.4623799999999999,6,20722292.0,24.903301239013672,8.151510238647461
24382,0.0,0.00028182968627603534,0.46235999999999994,4,17335068.0,24.840713500976562,7.1850481033325195
24383,0.0,0.0002846479831387957,0.4623399999999999,4,331241.84375,24.80807876586914,1.846754789352417
24384,0.0,0.0003074198217898994,0.4623199999999999,6,20224150.0,24.61083221435547,6.897071838378906
24385,0.0,0.00031664241644359636,0.46229999999999993,5,122005608.0,24.267349243164062,5.37435245513916
24386,0.0,0.00031980884060803233,0.4622799999999999,4,7438034.0,23.974578857421875,3.0554168224334717
24387,0.0,0.00032300692901411263,0.4622599999999999,4,12485202.0,23.689237594604492,3.0798747539520264
24388,4961987.440000007,0.0006155776196224946,0.46223999999999993,6,331509088.0,23.34886932373047,5.727843761444092
24389,3627741.1300000073,0.000566331410052695,0.4622199999999999,0,7044305.5,17.07752227783203,5.494553565979004
24390,2446681.6200000076,0.0006116379228569106,0.4621999999999999,6,21563018.0,17.077062606811523,13.625804901123047
24391,292849.9400000153,0.0006605689566854635,0.4621799999999999,6,5032032.0,17.076738357543945,2.7923896312713623
24392,34608.05000001553,0.0006671746462523181,0.4621599999999999,4,5173846.0,17.07583999633789,13.037311553955078
24393,0.0,0.0006471594068647486,0.46213999999999994,1,42377440.0,17.075122833251953,4.572272300720215
24394,0.0,0.0006665741890706911,0.4621199999999999,5,953283.9375,17.074495315551758,6.8609185218811035
24395,0.0,0.0006665741890706911,0.4620999999999999,3,507040032.0,23.12959098815918,6.970387935638428
24396,0.0,0.0006132482539450358,0.46207999999999994,0,15775213.0,23.73435401916504,9.791322708129883
24397,0.0,0.000564188393629433,0.4620599999999999,0,9608545.0,23.82053565979004,5.759531497955322
24398,0.0,0.0005190533221390783,0.4620399999999999,0,101549288.0,24.271404266357422,6.366932392120361
24399,0.0,0.0005138627889176875,0.46201999999999993,2,572439.125,24.473434448242188,7.254932880401611
24400,0.0,0.0004984469052501569,0.4619999999999999,1,13923457.0,24.63119125366211,3.4193222522735596
24401,0.0,0.0005383226576701694,0.4619799999999999,6,30558980.0,24.89813232421875,5.950250625610352
24402,0.0,0.000581388470283783,0.4619599999999999,6,4845892.0,24.768001556396484,3.4552087783813477
24403,0.0,0.0005988301243922966,0.4619399999999999,5,9517145.0,24.948457717895508,6.307921886444092
24404,0.0,0.0006467365343436803,0.46191999999999994,6,393621024.0,24.908140182495117,13.947542190551758
24405,0.0,0.0005949976115961859,0.4618999999999999,0,39315088.0,24.625812530517578,11.569355964660645
24406,0.0,0.0005771476832483004,0.4618799999999999,1,21476468.0,24.698509216308594,6.86463737487793
24407,0.0,0.0005829191600807834,0.46185999999999994,4,57581120.0,24.342052459716797,6.374380111694336
24408,0.0,0.0005887483516815912,0.4618399999999999,4,42813448.0,24.004138946533203,10.75707721710205
24409,0.0,0.0005946358351984071,0.4618199999999999,4,1599525.75,23.869848251342773,9.284197807312012
24410,0.0,0.0005470649683825345,0.46179999999999993,0,145532.15625,23.840421676635742,7.182744979858398
24411,0.0,0.0005525356180663599,0.4617799999999999,4,16620635.0,24.04976463317871,3.309332847595215
24412,0.0,0.0005580609742470234,0.4617599999999999,4,19235736.0,24.12534523010254,4.183791637420654
24413,0.0,0.0006027058521867854,0.46173999999999993,6,23044928.0,24.393056869506836,5.238485336303711
24414,0.0,0.000620787027752389,0.4617199999999999,5,6764342.5,24.67483139038086,3.6878795623779297
24415,0.0,0.0005711240655321978,0.4616999999999999,0,7461343.0,24.972000122070312,9.875444412231445
24416,0.0,0.0005654128248768758,0.4616799999999999,2,75610528.0,25.197431564331055,14.30410099029541
24417,0.0,0.0005654128248768758,0.4616599999999999,3,6076041.0,25.086261749267578,8.834073066711426
24418,0.0,0.0005201797988867258,0.46163999999999994,0,35419904.0,24.85314178466797,8.069327354431152
24419,0.0,0.000504574404920124,0.4616199999999999,1,2004983.5,24.62516975402832,10.815556526184082
24420,0.0,0.00046420845252651417,0.4615999999999999,0,7831801.0,24.308725357055664,5.78065299987793
24421,0.0,0.00046420845252651417,0.46157999999999993,3,10333566.0,24.134138107299805,9.323046684265137
24422,0.0,0.00042707177632439307,0.4615599999999999,0,338695168.0,23.933876037597656,5.665609359741211
24423,0.0,0.00046123751843034453,0.4615399999999999,6,34169500.0,24.008039474487305,8.909561157226562
24424,0.0,0.00046123751843034453,0.46151999999999993,3,2263254.75,23.887861251831055,8.862689018249512
24425,0.0,0.000424338516955917,0.4614999999999999,0,12429567.0,24.15029525756836,3.510866641998291
24426,0.0,0.0004200951317863578,0.4614799999999999,2,3307052.5,24.441694259643555,3.869600772857666
24427,0.0,0.0004200951317863578,0.4614599999999999,3,6438164.5,24.74596405029297,5.1136155128479
24428,0.0,0.00042429608310422137,0.4614399999999999,4,29131380.0,25.018014907836914,4.829212665557861
24429,0.0,0.00042429608310422137,0.46141999999999994,3,2643366.25,25.0793514251709,14.173036575317383
24430,0.0,0.00041156720061109474,0.4613999999999999,1,6678600.5,25.17884063720703,3.226440906524658
24431,0.0,0.00041156720061109474,0.4613799999999999,3,8745638.0,25.185020446777344,9.538993835449219
24432,0.0,0.0003786418245622072,0.46135999999999994,0,1163580.25,25.12738037109375,6.7954888343811035
24433,0.0,0.00038242824280782927,0.4613399999999999,4,8570240.0,25.0678768157959,4.378964424133301
24434,0.0,0.00038242824280782927,0.4613199999999999,3,310784.0,25.05510139465332,0.7667604088783264
24435,0.0,0.0003939010900920642,0.46129999999999993,5,6895194.0,25.008949279785156,12.393820762634277
24436,0.0,0.0004057181227948261,0.4612799999999999,5,8562751.0,24.824804306030273,13.462933540344238
24437,0.0,0.0004016609415668779,0.4612599999999999,2,3425595.5,24.605209350585938,7.46428108215332
24438,0.0,0.0004137107698138842,0.46123999999999993,5,64766172.0,24.403085708618164,2.036992073059082
24439,0.0,0.00042612209290830076,0.4612199999999999,5,742291.25,24.30193519592285,5.6494035720825195
24440,0.0,0.00043890575569554977,0.46119999999999994,5,29319978.0,24.27971839904785,5.523311138153076
24441,0.0,0.0004037932952399058,0.4611799999999999,0,13698228.0,24.371925354003906,6.663705825805664
24442,0.0,0.0003714898316207134,0.4611599999999999,0,13820156.0,24.570316314697266,5.153749465942383
24443,0.0,0.00034177064509105634,0.46113999999999994,0,227619504.0,24.801589965820312,1.2620413303375244
24444,0.0,0.0003383529386401458,0.4611199999999999,2,1222077.625,24.852401733398438,18.786283493041992
24445,0.0,0.0003485035267993502,0.4610999999999999,5,1133592.625,24.942138671875,1.3176243305206299
24446,0.0,0.00037638380894329824,0.46107999999999993,6,8451834.0,24.809844970703125,14.439153671264648
24447,0.0,0.0003876753232115972,0.4610599999999999,5,2758132.5,24.572202682495117,12.766934394836426
24448,0.0,0.00039930558290794514,0.4610399999999999,5,10390386.0,24.378089904785156,3.394902229309082
24449,0.0,0.0004112847503951835,0.46101999999999993,5,3072516.25,24.130203247070312,10.958105087280273
24450,0.0,0.00041539759789913533,0.4609999999999999,4,11334538.0,24.015670776367188,7.258011817932129
24451,0.0,0.00041124362192014396,0.4609799999999999,2,16806016.0,24.030641555786133,3.5963666439056396
24452,0.0,0.0004235809305777483,0.4609599999999999,5,26907384.0,24.168048858642578,1.9145941734313965
24453,0.0,0.00041934512127197077,0.4609399999999999,2,23829968.0,24.230348587036133,12.33618450164795
24454,0.0,0.0004151516700592511,0.46091999999999994,2,66858936.0,24.27707290649414,9.43450927734375
24455,0.0,0.000381939536454511,0.4608999999999999,0,13384822.0,24.38981056213379,5.227609157562256
24456,0.0,0.00037048135036087565,0.4608799999999999,1,6189185.5,24.56281280517578,2.356109619140625
24457,0.0,0.0003593669098500494,0.46085999999999994,1,4392029.0,24.67279624938965,8.155014991760254
24458,0.0,0.00034858590255454786,0.4608399999999999,1,3074743.25,24.75656509399414,4.619046211242676
24459,0.0,0.0003381283254779114,0.4608199999999999,1,5659880.5,24.736642837524414,9.360696792602539
24460,0.0,0.0003279844757135741,0.46079999999999993,1,12445771.0,24.598970413208008,11.592357635498047
24461,0.0,0.00031814494144216687,0.4607799999999999,1,2888901.5,24.418052673339844,8.077338218688965
24462,0.0,0.00030860059319890186,0.4607599999999999,1,10038712.0,24.30608558654785,1.3902003765106201
24463,0.0,0.0002993425754029348,0.4607399999999999,1,49764984.0,24.130157470703125,16.753480911254883
24464,0.0,0.0003083228526650228,0.4607199999999999,5,24946672.0,24.01617431640625,7.286017417907715
24465,0.0,0.0003052396241383726,0.46069999999999994,2,7004417.0,23.99403953552246,5.781224727630615
24466,0.0,0.0003052396241383726,0.4606799999999999,3,5725120.5,24.0302791595459,5.871249198913574
24467,0.0,0.00030829202037975636,0.4606599999999999,4,184443504.0,24.135417938232422,4.8009138107299805
24468,0.0,0.00028362865874937586,0.46063999999999994,0,2966769.0,24.27396583557129,4.286698818206787
24469,0.0,0.0002807923721618821,0.4606199999999999,2,107747.9375,24.293376922607422,3.60524582862854
24470,0.0,0.0002583289823889316,0.4605999999999999,0,4139060.25,24.588958740234375,5.788938045501709
24471,0.0,0.00027899530098004615,0.46057999999999993,6,8658207.0,24.56646728515625,8.42138385772705
24472,0.0,0.0002762053479702457,0.4605599999999999,2,6229197.0,24.754358291625977,8.671513557434082
24473,0.0,0.00027896740144994813,0.4605399999999999,4,11717972.0,24.54386329650879,9.479735374450684
24474,0.0,0.0002817570754644476,0.46051999999999993,4,200954896.0,24.5357608795166,11.572165489196777
24475,0.0,0.0002592165094272918,0.4604999999999999,0,6599811.5,24.43351936340332,3.4653191566467285
24476,0.0,0.00025662434433301886,0.4604799999999999,2,85476072.0,24.069143295288086,12.2995023727417
24477,0.0,0.0002540581008896887,0.4604599999999999,2,9891151.0,24.02923583984375,5.379744529724121
24478,0.0,0.00023373345281851358,0.4604399999999999,0,29709172.0,23.677133560180664,5.509468078613281
24479,4856430.770000009,0.0006283168508777567,0.46041999999999994,6,261761984.0,23.246402740478516,6.482656955718994
24480,3519041.5600000108,0.0006785821989479773,0.4603999999999999,6,9881132.0,17.09930992126465,4.345034599304199
24481,3177479.1700000106,0.0006989396649164166,0.4603799999999999,5,12679391.0,17.10030746459961,4.996281623840332
24482,249141.60000001313,0.0007199078548639091,0.46035999999999994,5,8199039.5,17.10137176513672,2.3039140701293945
24483,0.0,0.0007415050905098265,0.4603399999999999,5,1636759.625,17.1021785736084,6.026360034942627
24484,0.0,0.0007192599377945317,0.4603199999999999,1,11299745.0,17.10274887084961,7.5039448738098145
24485,0.0,0.0006976821396606957,0.46029999999999993,1,555748.625,23.665637969970703,5.293148040771484
24486,0.0,0.0006767516754708748,0.4602799999999999,1,3958096.25,24.297100067138672,13.401658058166504
24487,0.0,0.0006970542257350011,0.4602599999999999,5,6260698.5,24.55191421508789,6.860836505889893
24488,0.0,0.0006970542257350011,0.4602399999999999,3,49109280.0,24.45485496520996,18.62151336669922
24489,0.0,0.0006412898876762011,0.4602199999999999,0,6648449.0,24.365787506103516,4.772296905517578
24490,0.0,0.0006477027865529631,0.46019999999999994,4,24415392.0,24.287294387817383,6.33278751373291
24491,0.0,0.0005958865636287261,0.4601799999999999,0,6274687.5,24.049707412719727,5.475333213806152
24492,0.0,0.000548215638538428,0.4601599999999999,0,14340935.0,24.34744644165039,4.4266815185546875
24493,0.0,0.0005646621076945809,0.46013999999999994,5,5077484.5,24.509475708007812,2.26833438873291
24494,0.0,0.0006098350763101474,0.4601199999999999,6,2552881.75,24.40326499938965,6.329934597015381
24495,0.0,0.0006281301285994519,0.4600999999999999,5,5887134.0,24.613723754882812,8.128835678100586
24496,0.0,0.0006783805388874081,0.46007999999999993,6,169280720.0,24.87630271911621,2.1805548667907715
24497,0.0,0.0006851643442762822,0.4600599999999999,4,35751572.0,25.015289306640625,4.609940528869629
24498,0.0,0.000692015987719045,0.4600399999999999,4,6715317.0,25.191287994384766,2.924150228500366
24499,0.0,0.0006712555080874736,0.46001999999999993,1,4650625.0,25.220600128173828,7.0084075927734375
24500,0.0,0.0006511178428448494,0.4599999999999999,1,111249416.0,25.167003631591797,9.212821960449219
24501,0.0,0.0007032072702724373,0.4599799999999999,6,70957608.0,24.97090721130371,5.441771030426025
24502,0.0,0.0007243034883806104,0.4599599999999999,5,4264551.5,24.616455078125,12.93388557434082
24503,0.0,0.0007315465232644165,0.4599399999999999,4,5530490.5,24.45532989501953,2.986586332321167
24504,0.0,0.000709600127566484,0.45991999999999994,1,8032097.0,24.335041046142578,4.815059185028076
24505,0.0,0.0006528321173611653,0.4598999999999999,0,2084533.125,24.33134651184082,4.063621520996094
24506,0.0,0.0006528321173611653,0.4598799999999999,3,6455137.0,24.39456558227539,3.590337038040161
24507,0.0,0.0006332471538403303,0.45985999999999994,1,4396655.0,24.399606704711914,4.286676406860352
24508,0.0,0.000626914682301927,0.4598399999999999,2,6910859.5,24.542980194091797,4.963982582092285
24509,0.0,0.0006081072418328691,0.4598199999999999,1,14569072.0,24.62255096435547,3.8768210411071777
24510,0.0,0.0005898640245778831,0.45979999999999993,1,5306114.0,24.744009017944336,5.588040351867676
24511,0.0,0.000595762664823662,0.4597799999999999,4,3395703.5,24.833133697509766,4.960123538970947
24512,0.0,0.0005898050381754253,0.4597599999999999,2,10447782.0,24.725440979003906,11.05595588684082
24513,0.0,0.000583906987793671,0.4597399999999999,2,695834.375,24.75667953491211,6.222219467163086
24514,0.0,0.0005780679179157342,0.4597199999999999,2,2612294.75,24.7160587310791,8.360952377319336
24515,0.0,0.0005838485970948915,0.45969999999999994,4,161830624.0,24.579477310180664,10.791498184204102
24516,0.0,0.0006305564848624828,0.4596799999999999,6,5882542.0,24.4465389251709,4.266859531402588
24517,0.0,0.0006305564848624828,0.4596599999999999,3,23723.8359375,24.278810501098633,7.868597030639648
24518,0.0,0.0006810010036514815,0.45963999999999994,6,34037632.0,24.197784423828125,10.555229187011719
24519,0.0,0.000626520923359363,0.4596199999999999,0,206595440.0,24.06446647644043,10.997298240661621
24520,0.0,0.000645316551060144,0.4595999999999999,5,4904039.5,24.01844596862793,7.376185894012451
24521,0.0,0.0006517697165707454,0.45957999999999993,4,179749152.0,24.14547348022461,4.978672981262207
24522,0.0,0.0007039112938964051,0.4595599999999999,6,43299668.0,24.355213165283203,2.6544570922851562
24523,0.0,0.000682793955079513,0.4595399999999999,1,2867514.75,24.575817108154297,3.2689599990844727
24524,0.0,0.0006896218946303082,0.45951999999999993,4,53585868.0,24.8017520904541,1.2104263305664062
24525,0.0,0.0006689332377913989,0.4594999999999999,1,12955408.0,25.083240509033203,3.27795147895813
24526,0.0,0.0006622439054134849,0.4594799999999999,2,3482699.0,25.302209854125977,3.6934258937835693
24527,0.0,0.0006423765882510804,0.4594599999999999,1,13443852.0,25.497085571289062,3.589782476425171
24528,0.0,0.0006423765882510804,0.4594399999999999,3,5755636.5,25.532333374023438,8.555869102478027
24529,0.0,0.0006937667153111669,0.45941999999999994,6,3134095.0,25.40859603881836,12.458938598632812
24530,0.0,0.0006937667153111669,0.4593999999999999,3,16970104.0,25.094024658203125,10.741103172302246
24531,0.0,0.0006937667153111669,0.4593799999999999,3,50976576.0,24.680368423461914,7.437572479248047
24532,0.0,0.0006937667153111669,0.45935999999999994,3,310768.125,24.371564865112305,7.953944206237793
24533,0.0,0.0007145797167705019,0.4593399999999999,5,30424326.0,24.055116653442383,7.579206466674805
24534,0.0,0.000736017108273617,0.4593199999999999,5,22032308.0,23.845094680786133,8.22667121887207
24535,0.0,0.0007580976215218255,0.45929999999999993,5,372586080.0,23.782466888427734,5.564645767211914
24536,0.0,0.0007505166453066073,0.4592799999999999,2,11116753.0,23.927698135375977,4.095953941345215
24537,0.0,0.0007430114788535413,0.4592599999999999,2,7951617.5,24.082643508911133,9.280679702758789
24538,0.0,0.000720721134487935,0.4592399999999999,1,659894.5,24.327049255371094,4.468477725982666
24539,0.0,0.0007135139231430556,0.4592199999999999,2,303633.28125,24.60773277282715,3.7165470123291016
24540,0.0,0.0007063787839116251,0.45919999999999994,2,21097146.0,24.9705753326416,4.995797157287598
24541,0.0,0.0007275701474289738,0.4591799999999999,5,24935908.0,25.299821853637695,5.003634452819824
24542,0.0,0.0007202944459546841,0.4591599999999999,2,5464968.5,25.511383056640625,8.656892776489258
24543,0.0,0.0007130915014951373,0.45913999999999994,2,186769776.0,25.504722595214844,6.296462535858154
24544,0.0,0.0007344842465399914,0.4591199999999999,5,4341407.0,25.440143585205078,1.8108444213867188
24545,0.0,0.0006757255068167922,0.4590999999999999,0,1367325.5,25.24306869506836,11.949677467346191
24546,0.0,0.0006216674662714488,0.45907999999999993,0,181004928.0,24.9144229888916,7.340193271636963
24547,0.0,0.0005719340689697329,0.4590599999999999,0,5948176.5,24.70749855041504,0.936608076095581
24548,0.0,0.0005261793434521543,0.4590399999999999,0,13719987.0,24.520423889160156,6.021234512329102
24549,0.0,0.000484084995975982,0.45901999999999993,0,9049827.0,24.35316276550293,5.0839033126831055
24550,0.0,0.000484084995975982,0.4589999999999999,3,498904.75,24.194379806518555,6.270336627960205
24551,0.0,0.0004889258459357418,0.4589799999999999,4,1398971.625,24.0858211517334,6.941362380981445
24552,0.0,0.00048403658747638435,0.4589599999999999,2,179433360.0,24.051790237426758,3.503750801086426
24553,0.0,0.00048403658747638435,0.4589399999999999,3,25628944.0,24.07827377319336,4.655252933502197
24554,0.0,0.00048403658747638435,0.45891999999999994,3,9293872.0,24.195451736450195,6.078042984008789
24555,0.0,0.00048403658747638435,0.4588999999999999,3,7710883.0,24.36676025390625,1.398946762084961
24556,0.0,0.0004791962216016205,0.4588799999999999,2,15197625.0,24.523183822631836,8.136058807373047
24557,0.0,0.0004791962216016205,0.45885999999999993,3,84522376.0,24.667516708374023,5.267955780029297
24558,0.0,0.0005175319193297501,0.4588399999999999,6,6707908.5,24.830078125,4.858318328857422
24559,0.0,0.0005123566001364526,0.4588199999999999,2,2417855.75,24.9923038482666,5.984751224517822
24560,0.0,0.0005277272981405462,0.45879999999999993,5,44471.0390625,24.947587966918945,9.378568649291992
24561,0.0,0.0005699454819917899,0.4587799999999999,6,44646.63671875,25.04428482055664,2.6962766647338867
24562,0.0,0.0005756449368117078,0.4587599999999999,4,26966500.0,24.957073211669922,9.314804077148438
24563,0.0,0.0005295933418667712,0.4587399999999999,0,15869926.0,24.82417106628418,7.3159613609313965
24564,0.0,0.00048722587451742954,0.4587199999999999,0,5000036.0,24.448408126831055,9.088714599609375
24565,0.0,0.0004726090982819066,0.45869999999999994,1,52967724.0,24.329816818237305,8.034200668334961
24566,0.0,0.0004584308253334494,0.4586799999999999,1,112535.2109375,24.273048400878906,8.003656387329102
24567,0.0,0.0004630151335867839,0.4586599999999999,4,166833.328125,24.287317276000977,4.7399163246154785
24568,0.0,0.0004676452849226517,0.45863999999999994,4,329112288.0,24.566099166870117,2.1846654415130615
24569,0.0,0.0004723217377718782,0.4586199999999999,4,12584.8896484375,24.360321044921875,5.996644973754883
24570,6477457.080000002,0.0005492928773050104,0.4585999999999999,0,14414748.0,24.0355281829834,11.618305206298828
24571,4118183.5799999954,0.0005657716636241607,0.45857999999999993,5,2596188.75,17.120166778564453,7.740787506103516
24572,2035085.4899999893,0.0005827448135328855,0.4585599999999999,5,3578888.75,17.121076583862305,14.49150276184082
24573,917744.0599999905,0.0006002271579388721,0.4585399999999999,5,50329.6875,17.121641159057617,11.947505950927734
24574,237214.09999999055,0.000582220343200706,0.4585199999999999,1,987191.5625,17.12211036682129,8.425354957580566
24575,0.0,0.0005996869534967272,0.4584999999999999,5,5079757.0,17.122119903564453,9.422027587890625
24576,0.0,0.0005996869534967272,0.4584799999999999,3,3837301.5,17.121644973754883,10.819117546081543
24577,0.0,0.0005996869534967272,0.4584599999999999,3,10055379.0,23.875648498535156,3.467703104019165
24578,0.0,0.0005996869534967272,0.4584399999999999,3,3582584.0,24.071123123168945,4.3581414222717285
24579,0.0,0.000617677562101629,0.45841999999999994,5,4530578.5,24.014724731445312,4.961754322052002
24580,0.0,0.000617677562101629,0.4583999999999999,3,3169788.0,23.90068244934082,6.7042765617370605
24581,0.0,0.0006362078889646779,0.4583799999999999,5,32195336.0,24.11545753479004,10.94874095916748
24582,0.0,0.0006552941256336183,0.45835999999999993,5,28150152.0,24.04351806640625,7.617565631866455
24583,0.0,0.0006487411843772821,0.4583399999999999,2,16817762.0,24.093111038208008,10.67197322845459
24584,0.0,0.0006682034199086005,0.4583199999999999,5,5422787.5,24.471553802490234,1.7813290357589722
24585,0.0,0.0006882495225058586,0.45829999999999993,5,4251876.5,24.476322174072266,6.071198463439941
24586,0.0,0.0006951320177309172,0.4582799999999999,4,8809709.0,24.633182525634766,9.449949264526367
24587,0.0,0.0006951320177309172,0.4582599999999999,3,5198272.5,24.694040298461914,11.90362548828125
24588,0.0,0.0007507425791493907,0.4582399999999999,6,175620560.0,24.716781616210938,5.113808631896973
24589,0.0,0.0008108019854813419,0.4582199999999999,6,33318272.0,24.508243560791016,11.273838996887207
24590,0.0,0.0008189100053361553,0.45819999999999994,4,11484620.0,24.35087013244629,8.844682693481445
24591,0.0,0.0007943427051760706,0.4581799999999999,1,1531323.5,24.313880920410156,2.57702898979187
24592,0.0,0.0008022861322278314,0.4581599999999999,4,14904918.0,24.403820037841797,5.658570289611816
24593,0.0,0.0008022861322278314,0.45813999999999994,3,38129748.0,24.455570220947266,3.21669864654541
24594,0.0,0.0008103089935501097,0.4581199999999999,4,499865.0,24.514915466308594,10.970855712890625
24595,0.0,0.0008184120834856108,0.4580999999999999,4,9739096.0,24.471450805664062,7.707003593444824
24596,0.0,0.0007938597209810425,0.45807999999999993,1,10952561.0,24.556325912475586,1.2207163572311401
24597,0.0,0.000801798318190853,0.4580599999999999,4,8921466.0,24.769771575927734,1.9918880462646484
24598,0.0,0.0008098163013727615,0.4580399999999999,4,3001906.75,24.86330223083496,7.076337814331055
24599,0.0,0.0008017181383590338,0.4580199999999999,2,112397736.0,25.0570068359375,3.0283703804016113
24600,0.0,0.0008257696825098049,0.4579999999999999,5,71393080.0,25.18100357055664,8.983929634094238
24601,0.0,0.0008505427729850991,0.45797999999999994,5,58769632.0,25.125240325927734,8.925884246826172
24602,0.0,0.0008760590561746522,0.4579599999999999,5,61812.28125,25.020856857299805,9.262996673583984
24603,0.0,0.0009023408278598917,0.4579399999999999,5,8321913.0,24.87131690979004,5.260161399841309
24604,0.0,0.0009294110526956885,0.45791999999999994,5,3222470.0,24.58505630493164,10.010019302368164
24605,0.0,0.0009572933842765592,0.4578999999999999,5,15567621.0,24.334415435791016,6.9337544441223145
24606,0.0,0.0009668663181193248,0.4578799999999999,4,1991233.875,24.124746322631836,7.789312362670898
24607,0.0,0.0010442156235688708,0.45785999999999993,6,183100128.0,24.05992889404297,7.134797096252441
24608,0.0,0.0009606783736833612,0.4578399999999999,0,5441636.0,24.013553619384766,5.385427474975586
24609,0.0,0.0009510715899465277,0.4578199999999999,2,6841277.0,24.123634338378906,5.612983703613281
24610,0.0,0.0009605823058459929,0.45779999999999993,4,2531871.5,24.152589797973633,11.783074378967285
24611,0.0,0.0009317648366706131,0.4577799999999999,1,7298858.5,24.191680908203125,6.651151657104492
24612,0.0,0.000857223649736964,0.4577599999999999,0,17462906.0,24.282873153686523,4.321102619171143
24613,0.0,0.000857223649736964,0.4577399999999999,3,347856512.0,24.317800521850586,10.949053764343262
24614,0.0,0.000788645757758007,0.4577199999999999,0,15555371.0,24.370296478271484,9.703643798828125
24615,0.0,0.0007255540971373665,0.45769999999999994,0,269611.875,24.350303649902344,8.383594512939453
24616,0.0,0.0006675097693663772,0.4576799999999999,0,6619731.5,24.33268928527832,7.815995216369629
24617,0.0,0.0007209105509156874,0.4576599999999999,6,2772283.25,24.3193359375,6.737827301025391
24618,0.0,0.0007785833949889424,0.45763999999999994,6,3054244.75,24.337034225463867,7.235664367675781
24619,0.0,0.0008408700665880578,0.4576199999999999,6,4840303.0,24.368202209472656,7.317314147949219
24620,0.0,0.0008492787672539384,0.4575999999999999,4,2075991.375,24.521923065185547,1.9179743528366089
24621,0.0,0.0008577715549264778,0.45757999999999993,4,5962198.5,24.71036720275879,3.388360023498535
24622,0.0,0.0008835047015742722,0.4575599999999999,5,8628896.0,24.893932342529297,2.905052900314331
24623,0.0,0.0009100098426215004,0.4575399999999999,5,2973973.75,25.040023803710938,7.9697113037109375
24624,0.0,0.0009373101379001454,0.4575199999999999,5,4177623.25,25.047712326049805,9.693849563598633
24625,0.0,0.0009373101379001454,0.4574999999999999,3,7151383.0,24.982738494873047,8.330465316772461
24626,0.0,0.0008623253268681338,0.45747999999999994,0,10622784.0,24.893646240234375,4.362929344177246
24627,0.0,0.0008537020735994525,0.4574599999999999,2,15084445.0,24.781057357788086,5.563199043273926
24628,0.0,0.000845165052863458,0.4574399999999999,2,1886281.625,24.6385498046875,10.045836448669434
24629,0.0,0.0008367134023348234,0.45741999999999994,2,15376498.0,24.560253143310547,3.670841693878174
24630,0.0,0.0008283462683114752,0.4573999999999999,2,485510752.0,24.514659881591797,3.7416553497314453
24631,0.0,0.0008283462683114752,0.4573799999999999,3,25929308.0,24.59686851501465,2.152050256729126
24632,0.0,0.0008200628056283604,0.45735999999999993,2,1956665.5,24.70018768310547,6.095208168029785
24633,0.0,0.0008118621775720768,0.4573399999999999,2,6537796.0,24.591827392578125,18.540443420410156
24634,0.0,0.0008199807993477976,0.4573199999999999,4,73260752.0,24.516632080078125,4.272947311401367
24635,0.0,0.0007953813753673637,0.45729999999999993,1,2329110.5,24.422386169433594,6.179398536682129
24636,0.0,0.0007874275616136901,0.4572799999999999,2,13004961.0,24.381900787353516,5.846792697906494
24637,0.0,0.0007795532859975531,0.4572599999999999,2,7590116.0,24.444942474365234,5.273412227630615
24638,0.0,0.0007795532859975531,0.4572399999999999,3,17518700.0,24.530101776123047,7.089590072631836
24639,0.0,0.0007795532859975531,0.4572199999999999,3,1443741.125,24.599048614501953,8.410956382751465
24640,0.0,0.0007873488188575287,0.45719999999999994,4,85203680.0,24.618059158325195,6.5043134689331055
24641,0.0,0.0008109692834232545,0.4571799999999999,5,19015178.0,24.632518768310547,7.874723434448242
24642,0.0,0.0007866402049205569,0.4571599999999999,1,133115552.0,24.633747100830078,9.628067016601562
24643,0.0,0.0007945066069697625,0.45713999999999994,4,4832615.0,24.687570571899414,7.794378280639648
24644,0.0,0.0007309460784121815,0.4571199999999999,0,126305392.0,24.755624771118164,4.088781833648682
24645,0.0,0.0007528744607645469,0.4570999999999999,5,7924617.0,24.772048950195312,3.7017595767974854
24646,0.0,0.0007302882269416105,0.45707999999999993,1,33656012.0,24.867599487304688,6.9546356201171875
24647,0.0,0.0007521968737498588,0.4570599999999999,5,3828305.25,24.869211196899414,9.42142391204834
24648,0.0,0.0007747627799623546,0.4570399999999999,5,8985686.0,24.937047958374023,2.987391710281372
24649,0.0,0.0007980056633612253,0.4570199999999999,5,234883.46875,24.954368591308594,6.660016059875488
24650,0.0,0.0007740654934603885,0.4569999999999999,1,5496533.0,24.95368194580078,7.850598335266113
24651,0.0,0.0007121402539835575,0.45697999999999994,0,3688048.75,24.95488166809082,1.229239821434021
24652,0.0,0.0007050188514437219,0.4569599999999999,2,1979310.25,24.929147720336914,3.6773886680603027
24653,0.0,0.0007614203595592197,0.4569399999999999,6,5010368.0,25.03070068359375,5.852011680603027
24654,0.0,0.0007538061559636275,0.45691999999999994,2,1545483.625,25.006610870361328,8.364358901977539
24655,0.0,0.0006935016634865373,0.4568999999999999,0,3263510.25,24.866365432739258,4.205079078674316
24656,0.0,0.0006380215304076143,0.4568799999999999,0,7859953.5,24.69684600830078,6.50793981552124
24657,0.0,0.0005869798079750052,0.45685999999999993,0,42043484.0,24.590484619140625,5.403631210327148
24658,0.0,0.0005928496060547553,0.4568399999999999,4,24827562.0,24.451732635498047,8.945419311523438
24659,0.0,0.0005987781021153029,0.4568199999999999,4,4895558.0,24.426557540893555,5.462615013122559
24660,0.0,0.000604765883136456,0.45679999999999993,4,4285286.0,23.949865341186523,5.113227367401123
24661,0.0,0.0005563846124855395,0.4567799999999999,0,2873306.25,23.49770164489746,4.7107014656066895
24662,0.0,0.0005118738434866964,0.4567599999999999,0,9697230.0,23.01354217529297,4.199358940124512
24663,0.0,0.0005169925819215634,0.4567399999999999,4,28897132.0,22.685951232910156,3.655055046081543
24664,0.0,0.0005118226561023478,0.4567199999999999,2,20939756.0,22.223085403442383,14.47130298614502
24665,0.0,0.00047087684361416,0.45669999999999994,0,198889824.0,21.58576011657715,5.828695297241211
24666,4734248.11,0.000544214180082155,0.4566799999999999,2,59158644.0,20.94462776184082,7.343246936798096
24667,3154595.9099999983,0.0005605406054846197,0.4566599999999999,5,347834016.0,17.146038055419922,3.715329647064209
24668,1637158.869999996,0.000543724387320081,0.45663999999999993,1,11435398.0,17.145761489868164,12.983503341674805
24669,763804.9799999982,0.0005600361189396835,0.4566199999999999,5,24723488.0,17.14558982849121,10.257299423217773
24670,0.0,0.0005656364801290804,0.4565999999999999,4,2035332.0,17.145893096923828,3.3319339752197266
24671,0.0,0.0005712928449303712,0.45657999999999993,4,355561088.0,17.146711349487305,1.7359113693237305
24672,0.0,0.0005255894173359414,0.4565599999999999,0,51809.9453125,24.021202087402344,13.708195686340332
24673,0.0,0.00048354226394906616,0.4565399999999999,0,12058047.0,23.18627166748047,8.663398742675781
24674,0.0,0.0005222256450649915,0.4565199999999999,6,4175433.0,23.56686019897461,3.665858745574951
24675,0.0,0.0005274479015156414,0.4564999999999999,4,510084.0,24.453853607177734,6.70405912399292
24676,0.0,0.0005116244644701722,0.45647999999999994,1,162537856.0,24.76615333557129,6.80592679977417
24677,0.0,0.00047069450731255846,0.4564599999999999,0,439256.3125,25.133813858032227,3.691889762878418
24678,0.0,0.0005083500678975632,0.4564399999999999,6,59515304.0,25.230520248413086,7.5191168785095215
24679,0.0,0.0005134335685765388,0.45641999999999994,4,10865568.0,25.013582229614258,3.2708492279052734
24680,0.0,0.0005082992328907734,0.4563999999999999,2,5303764.0,25.126779556274414,8.333864212036133
24681,0.0,0.0005082992328907734,0.4563799999999999,3,51367048.0,25.268125534057617,2.2958803176879883
24682,0.0,0.0005489631715220354,0.45635999999999993,6,148652288.0,25.168981552124023,3.2810301780700684
24683,0.0,0.0005928802252437983,0.4563399999999999,6,1032376.0625,24.974502563476562,5.420827388763428
24684,0.0,0.0006403106432633022,0.4563199999999999,6,4782685.0,24.910051345825195,5.740341663360596
24685,0.0,0.0006915354947243664,0.45629999999999993,6,16199781.0,24.78453826904297,9.09050178527832
24686,0.0,0.0007122815595660974,0.4562799999999999,5,203405.484375,24.643577575683594,5.863954544067383
24687,0.0,0.0007122815595660974,0.4562599999999999,3,36879124.0,24.58159828186035,1.778790831565857
24688,0.0,0.0007122815595660974,0.4562399999999999,3,3777420.5,24.510908126831055,11.154001235961914
24689,0.0,0.0007692640843313853,0.4562199999999999,6,35859.3203125,24.43938636779785,3.226987838745117
24690,0.0,0.0008308052110778962,0.45619999999999994,6,24396982.0,24.217618942260742,9.21233081817627
24691,0.0,0.0008058810547455593,0.4561799999999999,1,29111662.0,24.169357299804688,3.0217840671539307
24692,0.0,0.0007978222441981037,0.4561599999999999,2,24953884.0,24.382429122924805,5.802048206329346
24693,0.0,0.0007339964646622554,0.45613999999999993,0,2879354.75,24.50108528137207,3.16204833984375
24694,0.0,0.000675276747489275,0.4561199999999999,0,46492368.0,24.690139770507812,6.220924377441406
24695,0.0,0.0006955350499139532,0.4560999999999999,5,178586512.0,24.719249725341797,10.309538841247559
24696,0.0,0.0007024904004130928,0.45607999999999993,4,94270328.0,24.625534057617188,3.842236042022705
24697,0.0,0.0006462911683800454,0.4560599999999999,0,2865167.0,24.605091094970703,12.59149169921875
24698,0.0,0.0005945878749096417,0.4560399999999999,0,3921586.5,24.62132453918457,6.867356300354004
24699,0.0,0.0006005337536587382,0.4560199999999999,4,7222533.5,24.5596981048584,4.0496697425842285
24700,0.0,0.0006065390911953255,0.4559999999999999,4,21426312.0,24.363306045532227,5.839885711669922
24701,0.0,0.0006126044821072788,0.45597999999999994,4,16759299.0,24.35738754272461,3.8386683464050293
24702,0.0,0.0006187305269283516,0.4559599999999999,4,82107.8046875,24.391504287719727,4.9389495849609375
24703,0.0,0.0006249178321976351,0.4559399999999999,4,31586164.0,24.34845542907715,12.028711318969727
24704,0.0,0.0006311670105196115,0.45591999999999994,4,9616895.0,24.3946533203125,1.649450659751892
24705,0.0,0.0006374786806248076,0.4558999999999999,4,9189415.0,24.49622917175293,6.191521644592285
24706,0.0,0.0006438534674310557,0.4558799999999999,4,5682328.0,24.581125259399414,5.460564613342285
24707,0.0,0.0006374149327567451,0.45585999999999993,2,1192757.75,24.74787712097168,1.3614070415496826
24708,0.0,0.0006374149327567451,0.4558399999999999,3,1093178.25,24.76865005493164,13.370000839233398
24709,0.0,0.0006182924847740427,0.4558199999999999,1,4238270.5,24.737150192260742,6.700859546661377
24710,0.0,0.0005997437102308214,0.4557999999999999,1,3025574.75,24.824125289916992,1.185912847518921
24711,0.0,0.0005817513989238968,0.4557799999999999,1,62324640.0,24.912935256958008,4.8203840255737305
24712,0.0,0.0005642988569561798,0.4557599999999999,1,3039656.75,25.024051666259766,3.9139657020568848
24713,0.0,0.0005812278226648652,0.4557399999999999,5,8744985.0,25.06352424621582,10.862960815429688
24714,0.0,0.000534729596851676,0.4557199999999999,0,1074040.0,25.11052131652832,1.0772829055786133
24715,0.0,0.0004919512291035419,0.45569999999999994,0,18036106.0,25.19858169555664,6.258864402770996
24716,0.0,0.0005067097659766483,0.4556799999999999,5,780545.8125,25.16196060180664,8.485506057739258
24717,0.0,0.0004661729846985164,0.4556599999999999,0,20692190.0,25.00717544555664,6.379059791564941
24718,0.0,0.0004288791459226351,0.45563999999999993,0,52916.04296875,24.81238555908203,8.232512474060059
24719,0.0,0.0003945688142488243,0.4556199999999999,0,20041386.0,24.5935001373291,8.45331859588623
24720,0.0,0.0003630033091089184,0.4555999999999999,0,1587572.5,24.342105865478516,7.875370025634766
24721,0.0,0.00033396304438020497,0.45557999999999993,0,45273592.0,24.21443748474121,3.945326805114746
24722,0.0,0.00033730267482400705,0.4555599999999999,4,11844978.0,24.225967407226562,5.708291053771973
24723,0.0,0.00034742175506872726,0.4555399999999999,5,95221.078125,24.28197479248047,3.3304712772369385
24724,0.0,0.0003578444077207891,0.4555199999999999,5,6798630.5,24.36135482788086,8.381766319274902
24725,0.0,0.000361422851797997,0.4554999999999999,4,27421674.0,24.382043838500977,9.998897552490234
24726,0.0,0.000365037080315977,0.45547999999999994,4,4243731.5,24.412498474121094,3.9854660034179688
24727,0.0,0.00036868745111913676,0.4554599999999999,4,150495.59375,24.332433700561523,13.997171401977539
24728,0.0,0.0003650005766079454,0.4554399999999999,2,738009.125,24.293548583984375,1.7750669717788696
24729,0.0,0.0003759505939061838,0.45541999999999994,5,1877855.0,24.278844833374023,4.286139965057373
24730,0.0,0.00036467207608899824,0.4553999999999999,1,18449262.0,24.304689407348633,6.072046756744385
24731,0.0,0.0003537319138063283,0.4553799999999999,1,1818358.375,24.4169864654541,3.35335373878479
24732,0.0,0.0003431199563921384,0.45535999999999993,1,439823552.0,24.612396240234375,6.549934387207031
24733,0.0,0.000339688756828217,0.4553399999999999,2,1387181.75,24.773841857910156,6.912868499755859
24734,0.0,0.0003362918692599348,0.4553199999999999,2,70637888.0,24.858057022094727,4.921072959899902
24735,0.0,0.0003631952188007296,0.4552999999999999,6,14021503.0,24.944950103759766,4.694417953491211
24736,0.0,0.00033413960129667126,0.4552799999999999,0,15029279.0,24.888696670532227,8.212089538574219
24737,0.0,0.000360870769400405,0.45525999999999994,6,14414411.0,24.857452392578125,6.419180870056152
24738,0.0,0.00035726206170640096,0.4552399999999999,2,21194134.0,24.684940338134766,8.120562553405762
24739,0.0,0.00035726206170640096,0.4552199999999999,3,9891679.0,24.68105125427246,1.8417375087738037
24740,0.0,0.00034654419985520894,0.45519999999999994,1,7631527.0,24.64631462097168,4.698930263519287
24741,0.0,0.00034307875785665685,0.4551799999999999,2,9831847.0,24.677976608276367,4.386709690093994
24742,0.0,0.0003327863951209571,0.4551599999999999,1,217692.3125,24.655025482177734,8.284990310668945
24743,0.0,0.0003228028032673284,0.45513999999999993,1,5932988.5,24.650081634521484,5.741105556488037
24744,0.0,0.0003131187191693085,0.4551199999999999,1,196937296.0,24.561351776123047,12.669743537902832
24745,0.0,0.0003162499063610016,0.4550999999999999,4,30566406.0,24.437480926513672,10.275875091552734
24746,0.0,0.0003194124054246116,0.45507999999999993,4,2296536.25,24.404232025146484,4.0435709953308105
24747,0.0,0.0002938594129906427,0.4550599999999999,0,2015052.25,24.40457534790039,8.20581340789795
24748,0.0,0.00029679800712054913,0.4550399999999999,4,11630445.0,24.169906616210938,12.921191215515137
24749,0.0,0.0002997659871917546,0.4550199999999999,4,1503320.5,24.344406127929688,5.074544429779053
24750,0.0,0.0002967683273198371,0.4549999999999999,2,356782656.0,24.38534164428711,7.7285332679748535
24751,0.0,0.0002967683273198371,0.45497999999999994,3,31823152.0,24.407703399658203,8.590164184570312
24752,0.0,0.0002730268611342501,0.4549599999999999,0,8185666.0,24.602956771850586,2.5275309085845947
24753,0.0,0.0002511847122435101,0.4549399999999999,0,10014501.0,24.568092346191406,10.597132682800293
24754,0.0,0.0002310899352640293,0.45491999999999994,0,1302319.125,24.695537567138672,6.317486763000488
24755,0.0,0.0002334008346166696,0.4548999999999999,4,905448.5,24.869762420654297,2.298682928085327
24756,0.0,0.00023573484296283628,0.4548799999999999,4,8908145.0,24.902385711669922,4.700789928436279
24757,0.0,0.0002168760555258094,0.45485999999999993,0,33495612.0,24.611398696899414,6.493862152099609
24758,0.0,0.00021470729497055128,0.4548399999999999,2,47824888.0,24.21375846862793,7.045945167541504
24759,0.0,0.00021470729497055128,0.4548199999999999,3,1300177.25,23.79082489013672,8.4368314743042
24760,0.0,0.00021470729497055128,0.4547999999999999,3,378084928.0,23.291534423828125,9.2032470703125
24761,4630614.860000003,0.000656376410744133,0.4547799999999999,2,386942.625,22.57941436767578,7.901220798492432
24762,3613759.0100000063,0.000636685118421809,0.45475999999999994,1,185808160.0,17.167570114135742,6.532702445983887
24763,3130740.8500000066,0.0006175845648691547,0.4547399999999999,1,342402112.0,17.166353225708008,6.572415351867676
24764,2434162.2200000067,0.00059905702792308,0.4547199999999999,1,4156343.5,17.165321350097656,6.808226585388184
24765,1754148.5100000072,0.0006170287387607724,0.45469999999999994,5,11566992.0,17.16455841064453,6.3725481033325195
24766,137653.54000000632,0.0006663910378616343,0.4546799999999999,6,16023868.0,17.164426803588867,4.466335773468018
24767,0.0,0.0006863827689974833,0.4546599999999999,5,3840169.0,17.16482162475586,9.495942115783691
24768,0.0,0.0006863827689974833,0.45463999999999993,3,93317504.0,17.165849685668945,4.917715549468994
24769,0.0,0.0006863827689974833,0.4546199999999999,3,4916745.5,24.324413299560547,6.277233600616455
24770,0.0,0.0006657912859275589,0.4545999999999999,1,10985861.0,24.82472801208496,3.6404263973236084
24771,0.0,0.0006125279830533542,0.45457999999999993,0,13338328.0,25.068775177001953,10.717164993286133
24772,0.0,0.0006615302216976225,0.4545599999999999,6,131401416.0,25.171384811401367,12.395820617675781
24773,0.0,0.0006615302216976225,0.4545399999999999,3,1210437.75,24.98135757446289,5.549292087554932
24774,0.0,0.0007144526394334324,0.4545199999999999,6,4197739.0,25.195011138916016,11.891815185546875
24775,0.0,0.000771608850588107,0.4544999999999999,6,22474282.0,24.866779327392578,6.831875801086426
24776,0.0,0.0008333375586351557,0.45447999999999994,6,4275761.5,24.84749412536621,1.0733752250671387
24777,0.0,0.0008583376853942104,0.4544599999999999,5,6147522.0,24.793912887573242,5.791201114654541
24778,0.0,0.0008669210622481525,0.4544399999999999,4,21805696.0,24.6979923248291,7.637294769287109
24779,0.0,0.0007975673772683003,0.45441999999999994,0,8686804.0,24.686382293701172,7.172564506530762
24780,0.0,0.0008613727674497643,0.4543999999999999,6,6247320.0,24.882579803466797,4.29542875289917
24781,0.0,0.0009302825888457455,0.4543799999999999,6,4984851.0,24.453115463256836,8.562070846557617
24782,0.0,0.0010047051959534052,0.45435999999999993,6,5171404.5,24.458316802978516,2.9217278957366943
24783,0.0,0.0009243287802771328,0.4543399999999999,0,29026618.0,24.474668502807617,5.133443832397461
24784,0.0,0.0009982750826993034,0.4543199999999999,6,53055108.0,24.757274627685547,5.267394542694092
24785,0.0,0.0009982750826993034,0.4542999999999999,3,3710973.5,24.50902557373047,12.926702499389648
24786,0.0,0.0010781370893152478,0.4542799999999999,6,3071218.0,24.604995727539062,6.807437896728516
24787,0.0,0.0011643880564604677,0.45425999999999994,6,183622912.0,24.52570343017578,7.217180252075195
24788,0.0,0.0012575391009773053,0.4542399999999999,6,182677776.0,24.366586685180664,14.28557014465332
24789,0.0,0.0012952652740066246,0.4542199999999999,5,129060312.0,24.182451248168945,6.421633720397949
24790,0.0,0.0012952652740066246,0.45419999999999994,3,24342.923828125,24.09492301940918,9.28726863861084
24791,0.0,0.0013988864959271546,0.4541799999999999,6,23936298.0,24.1401309967041,3.527372121810913
24792,0.0,0.0013988864959271546,0.4541599999999999,3,10074656.0,24.057138442993164,6.567903995513916
24793,0.0,0.0013988864959271546,0.45413999999999993,3,6981994.5,24.225570678710938,6.857801914215088
24794,0.0,0.0013988864959271546,0.4541199999999999,3,3373121.0,24.40652847290039,4.137785911560059
24795,0.0,0.0013848976309678831,0.4540999999999999,2,7396766.0,24.55349349975586,8.364044189453125
24796,0.0,0.0013848976309678831,0.45407999999999993,3,2843786.75,24.69747543334961,9.223095893859863
24797,0.0,0.001398746607277562,0.4540599999999999,4,440553.25,24.735755920410156,9.15965747833252
24798,0.0,0.0014127340733503376,0.4540399999999999,4,4071256.25,24.84727668762207,2.8198065757751465
24799,0.0,0.0014551160955508478,0.4540199999999999,5,4186034.0,24.991470336914062,2.246652841567993
24800,0.0,0.0014987695784173733,0.4539999999999999,5,2427966.75,25.01776695251465,6.70466423034668
24801,0.0,0.0013788680121439834,0.45397999999999994,0,12125178.0,25.104801177978516,4.510849952697754
24802,0.0,0.0013788680121439834,0.4539599999999999,3,22946768.0,25.082225799560547,10.92038345336914
24803,0.0,0.0014202340525083029,0.4539399999999999,5,147365312.0,24.955873489379883,9.871217727661133
24804,0.0,0.0013066153283076388,0.45391999999999993,0,12491534.0,24.793476104736328,4.860190391540527
24805,0.0,0.0012935491750245623,0.4538999999999999,2,75603880.0,24.727916717529297,3.0918197631835938
24806,0.0,0.0012806136832743166,0.4538799999999999,2,9905737.0,24.616601943969727,6.9696478843688965
24807,0.0,0.0012678075464415733,0.45385999999999993,2,3973881.75,24.473020553588867,8.359416007995605
24808,0.0,0.0012551294709771577,0.4538399999999999,2,17114868.0,24.4099178314209,2.6686344146728516
24809,0.0,0.0012425781762673861,0.4538199999999999,2,29629286.0,24.33622169494629,7.048393249511719
24810,0.0,0.0012301523945047123,0.4537999999999999,2,44872276.0,24.306732177734375,9.692496299743652
24811,0.0,0.001217850870559665,0.4537799999999999,2,151720320.0,24.30191993713379,8.414765357971191
24812,0.0,0.0012056723618540685,0.45375999999999994,2,47340020.0,24.2849063873291,10.205455780029297
24813,0.0,0.0012056723618540685,0.4537399999999999,3,2321293.0,24.297237396240234,8.4612455368042
24814,0.0,0.0012056723618540685,0.4537199999999999,3,2376798.0,24.346782684326172,4.989478588104248
24815,0.0,0.001302126150802394,0.45369999999999994,6,3835344.5,24.49509048461914,5.753900527954102
24816,0.0,0.0012630623662783223,0.4536799999999999,1,23388.98046875,24.58043670654297,5.6277079582214355
24817,0.0,0.0012630623662783223,0.4536599999999999,3,44390200.0,24.739973068237305,7.943230628967285
24818,0.0,0.0012630623662783223,0.45363999999999993,3,260005648.0,24.9052677154541,0.8686256408691406
24819,0.0,0.0012756929899411056,0.4536199999999999,4,27265880.0,25.03371238708496,8.520546913146973
24820,0.0,0.0012756929899411056,0.4535999999999999,3,981853.4375,25.05827522277832,6.1859450340271
24821,0.0,0.0012884499198405166,0.4535799999999999,4,12150838.0,25.08038330078125,3.4550845623016357
24822,0.0,0.0013013344190389217,0.4535599999999999,4,1744517.125,25.038496017456055,3.8240725994110107
24823,0.0,0.001314347763229311,0.4535399999999999,4,5656789.5,24.926984786987305,12.086528778076172
24824,0.0,0.001327491240861604,0.4535199999999999,4,170045.640625,24.825902938842773,7.4748454093933105
24825,0.0,0.0012876665036357557,0.4534999999999999,1,367329568.0,24.751296997070312,6.818996429443359
24826,0.0,0.0013906798239266163,0.45347999999999994,6,1597042.875,24.749061584472656,2.3108322620391846
24827,0.0,0.0013767730256873502,0.4534599999999999,2,372462400.0,24.576284408569336,6.249485015869141
24828,0.0,0.0013630052954304768,0.4534399999999999,2,2516423.75,24.4779109954834,16.44086265563965
24829,0.0,0.0014038954542933912,0.45341999999999993,5,12452289.0,24.296388626098633,6.464513778686523
24830,0.0,0.0013617785906645894,0.4533999999999999,1,58080472.0,24.085735321044922,6.3399810791015625
24831,0.0,0.0013753963765712352,0.4533799999999999,4,13086370.0,24.069290161132812,4.606297969818115
24832,0.0,0.0014166582678683723,0.45335999999999993,5,12859769.0,24.099475860595703,2.2100138664245605
24833,0.0,0.0014024916851896887,0.4533399999999999,2,129880864.0,24.22304344177246,6.7723493576049805
24834,0.0,0.0013884667683377917,0.4533199999999999,2,53496556.0,24.479511260986328,3.932586193084717
24835,0.0,0.0013884667683377917,0.4532999999999999,3,569036.1875,24.741683959960938,4.849028587341309
24836,0.0,0.0013745821006544137,0.4532799999999999,2,2292191.0,25.006898880004883,6.475002765655518
24837,0.0,0.0013333446376347813,0.45325999999999994,1,9474108.0,25.17365264892578,8.694350242614746
24838,0.0,0.0012933442985057378,0.4532399999999999,1,21336844.0,25.167724609375,11.585956573486328
24839,0.0,0.00133214462746091,0.4532199999999999,5,543668864.0,25.027790069580078,11.435739517211914
24840,0.0,0.0012921802886370827,0.45319999999999994,1,2370081.0,24.783082962036133,10.957863807678223
24841,0.0,0.0013309456972961952,0.4531799999999999,5,4042521.25,24.572790145874023,5.565279960632324
24842,0.0,0.0013708740682150812,0.4531599999999999,5,180856480.0,24.457706451416016,1.3709056377410889
24843,0.0,0.0013571653275329303,0.45313999999999993,2,54126336.0,24.40484046936035,7.587964057922363
24844,0.0,0.0014657385537355648,0.4531199999999999,6,1519083.0,24.38469696044922,7.428817272186279
24845,0.0,0.0014657385537355648,0.4530999999999999,3,37764864.0,24.367374420166016,6.019710540771484
24846,0.0,0.0013484794694367196,0.4530799999999999,0,105641.296875,24.535669326782227,2.076772451400757
24847,0.0,0.001240601111881782,0.4530599999999999,0,22047452.0,24.48774528503418,8.325185775756836
24848,0.0,0.0011413530229312395,0.4530399999999999,0,3006755.75,24.555992126464844,8.761974334716797
24849,0.0,0.0012326612647657388,0.4530199999999999,6,3727421.0,24.573184967041016,7.165392875671387
24850,0.0,0.0012449878774133962,0.4529999999999999,4,151039552.0,24.642053604125977,4.114109039306641
24851,0.0,0.0012574377561875303,0.45297999999999994,4,156692.359375,24.315101623535156,6.669327259063721
24852,0.0,0.0012574377561875303,0.4529599999999999,3,18587964.0,23.853336334228516,6.6004180908203125
24853,4168410.439999993,0.0004836116848993994,0.4529399999999999,5,179905392.0,17.191200256347656,4.703624248504639
24854,2330971.0399999893,0.0004836116848993994,0.45291999999999993,3,21540630.0,17.191448211669922,3.6177821159362793
24855,1088313.8299999894,0.0004836116848993994,0.4528999999999999,3,2991072.5,17.191429138183594,7.958492755889893
24856,11877.929999990622,0.00044492275010744745,0.4528799999999999,0,21237502.0,17.191225051879883,6.316489219665527
24857,0.0,0.0004805165701160433,0.45285999999999993,6,92803936.0,17.19129753112793,1.554464340209961
24858,0.0,0.0005189578957253268,0.4528399999999999,6,5613181.0,17.191301345825195,4.351282119750977
24859,0.0,0.000503389158853567,0.4528199999999999,1,14551372.0,23.753299713134766,10.912544250488281
24860,0.0,0.0004983552672650314,0.4527999999999999,2,6107054.5,23.830549240112305,6.659757614135742
24861,0.0,0.0004933717145923811,0.4527799999999999,2,13034776.0,24.863994598388672,2.856907606124878
24862,0.0,0.0004539019774249906,0.45275999999999994,0,52041532.0,24.808330535888672,5.642946720123291
24863,0.0,0.00046751903674774033,0.4527399999999999,5,3853410.25,24.313587188720703,8.377288818359375
24864,0.0,0.0004815446078501726,0.4527199999999999,5,42736996.0,24.276588439941406,7.947925090789795
24865,0.0,0.0004959909460856778,0.45269999999999994,5,2790263.0,24.221389770507812,2.5699028968811035
24866,0.0,0.0004563116703988236,0.4526799999999999,0,11367094.0,24.28321075439453,1.578097939491272
24867,0.0,0.0004563116703988236,0.4526599999999999,3,821401.0625,24.75048828125,4.934333324432373
24868,0.0,0.0004700010205107883,0.45263999999999993,5,37793.046875,24.52548599243164,8.766619682312012
24869,0.0,0.00047470103071589614,0.4526199999999999,4,7991813.5,24.48710060119629,2.4919981956481934
24870,0.0,0.0004794480410230551,0.4525999999999999,4,4131488.0,24.661205291748047,3.630815267562866
24871,0.0,0.00046506459979236346,0.4525799999999999,1,3436712.25,24.869325637817383,5.735010147094727
24872,0.0,0.0004278594318089744,0.4525599999999999,0,3414216.0,25.157419204711914,7.497760772705078
24873,0.0,0.0004235808374908847,0.45253999999999994,2,1451340.5,25.32913589477539,2.633779764175415
24874,0.0,0.0004235808374908847,0.4525199999999999,3,30600560.0,25.135669708251953,14.673903465270996
24875,0.0,0.00043628826261561123,0.4524999999999999,5,229895.921875,24.90760612487793,9.458943367004395
24876,0.0,0.0004493769104940796,0.45247999999999994,5,42473288.0,24.60517692565918,8.126280784606934
24877,0.0,0.0004358956031792572,0.4524599999999999,1,2173479.75,24.45085906982422,3.3526611328125
24878,0.0,0.00044025455921104976,0.4524399999999999,4,3636876.5,24.49913215637207,3.9139010906219482
24879,0.0,0.00044025455921104976,0.45241999999999993,3,276030208.0,24.307798385620117,6.046098709106445
24880,0.0,0.00044025455921104976,0.4523999999999999,3,1700027.125,24.310346603393555,6.248287677764893
24881,0.0,0.00044025455921104976,0.4523799999999999,3,5516289.5,24.296302795410156,6.64344596862793
24882,0.0,0.0004270469224347182,0.45235999999999993,1,3333475.25,24.325267791748047,9.093660354614258
24883,0.0,0.0004142355147616767,0.4523399999999999,1,28712858.0,24.436351776123047,7.049403667449951
24884,0.0,0.000426662580204527,0.4523199999999999,5,6261845.0,24.44922637939453,14.776032447814941
24885,0.0,0.00043946245761066285,0.4522999999999999,5,90052688.0,24.400184631347656,5.960634708404541
24886,0.0,0.00044385708218676946,0.4522799999999999,4,4071070.5,24.60755729675293,7.096909999847412
24887,0.0,0.0004305413697211664,0.45225999999999994,1,1687394.375,24.887550354003906,3.283006191253662
24888,0.0,0.00041762512862953137,0.4522399999999999,1,5089632.5,25.207660675048828,5.745337009429932
24889,0.0,0.0003842151183391689,0.4522199999999999,0,90141512.0,25.361919403076172,5.9327263832092285
24890,0.0,0.000395741571889344,0.45219999999999994,5,416060.25,25.303951263427734,13.598423957824707
24891,0.0,0.0003640822461381965,0.4521799999999999,0,10829369.0,25.048583984375,5.463944435119629
24892,0.0,0.0003750047135223424,0.4521599999999999,5,360358176.0,24.953548431396484,4.386875629425049
24893,0.0,0.000371254666387119,0.45213999999999993,2,134392320.0,24.81208038330078,2.0834782123565674
24894,0.0,0.00040095503969808855,0.4521199999999999,6,11477477.0,24.725297927856445,9.141865730285645
24895,0.0,0.0004129836908890312,0.4520999999999999,5,99831.484375,24.66303253173828,2.484128952026367
24896,0.0,0.0004088538539801409,0.4520799999999999,2,4798668.0,24.65517234802246,8.474007606506348
24897,0.0,0.0004047653154403395,0.4520599999999999,2,96325480.0,24.61410140991211,12.021550178527832
24898,0.0,0.00037238409020511233,0.45203999999999994,0,10301346.0,24.662067413330078,1.6283613443374634
24899,0.0,0.00038355561291126574,0.4520199999999999,5,483941.25,24.74397850036621,8.629847526550293
24900,0.0,0.00037204894452392775,0.4519999999999999,1,193296032.0,24.781795501708984,5.026610851287842
24901,0.0,0.0003832104128596456,0.45197999999999994,5,18951172.0,24.8941593170166,5.125925064086914
24902,0.0,0.000394706725245435,0.4519599999999999,5,66271340.0,24.914836883544922,4.5236616134643555
24903,0.0,0.00038286552348807193,0.4519399999999999,1,193127552.0,24.86810874938965,10.846114158630371
24904,0.0,0.0003943514891927141,0.45191999999999993,5,2072887.125,24.70112419128418,14.18741512298584
24905,0.0,0.00042589960832813123,0.4518999999999999,6,1269415.375,24.47958755493164,8.695018768310547
24906,0.0,0.0004131226200782873,0.4518799999999999,1,8187238.0,24.317922592163086,3.9588985443115234
24907,0.0,0.0004007289414759387,0.45185999999999993,1,446131.1875,24.381181716918945,4.394952774047852
24908,0.0,0.00038870707323166055,0.4518399999999999,1,9247724.0,24.44662094116211,5.4862871170043945
24909,0.0,0.0003770458610347107,0.4518199999999999,1,4592722.0,24.530132293701172,4.709741115570068
24910,0.0,0.00038835723686575204,0.4517999999999999,5,3000400.0,24.589174270629883,8.899877548217773
24911,0.0,0.00038835723686575204,0.4517799999999999,3,9491935.0,24.6041259765625,4.828433036804199
24912,0.0,0.00041942581581501224,0.45175999999999994,6,516318080.0,24.714635848999023,1.2531095743179321
24913,0.0,0.0004320085902894626,0.4517399999999999,5,6739115.5,24.805885314941406,3.2546544075012207
24914,0.0,0.0004320085902894626,0.4517199999999999,3,3785858.75,24.826339721679688,14.277142524719238
24915,0.0,0.0004449688479981465,0.45169999999999993,5,15517186.0,24.830089569091797,6.533673286437988
24916,0.0,0.00045831791343809087,0.4516799999999999,5,1137232.0,24.75567626953125,2.9694910049438477
24917,0.0,0.0004720674508412336,0.4516599999999999,5,149805776.0,24.763242721557617,2.259577751159668
24918,0.0,0.00046734677633282126,0.45163999999999993,2,5519703.5,24.71601676940918,7.437211036682129
24919,0.0,0.0004813671796228059,0.4516199999999999,5,4650017.0,24.746307373046875,3.0447845458984375
24920,0.0,0.0004958081950114901,0.4515999999999999,5,4212188.5,24.693470001220703,5.484345436096191
24921,0.0,0.0005007662769616049,0.4515799999999999,4,4347024.5,24.714609146118164,5.286353588104248
24922,0.0,0.0005007662769616049,0.4515599999999999,3,22311440.0,24.678871154785156,7.44956111907959
24923,0.0,0.0004957586141919889,0.45153999999999994,2,1821365.0,24.681884765625,2.8686273097991943
24924,0.0,0.0005007162003339089,0.4515199999999999,4,20638.015625,24.612159729003906,13.80813217163086
24925,0.0,0.0004957090383305697,0.4514999999999999,2,35115156.0,24.388402938842773,8.909347534179688
24926,0.0,0.00048083776718065263,0.45147999999999994,1,10361088.0,24.307159423828125,5.143551826477051
24927,0.0,0.00046641263416523306,0.4514599999999999,1,7129551.0,24.231334686279297,6.630008697509766
24928,0.0,0.0004710767605068854,0.4514399999999999,4,18490704.0,24.221986770629883,6.649378299713135
24929,0.0,0.00047578752811195426,0.45141999999999993,4,748626.625,24.213539123535156,9.249432563781738
24930,0.0,0.0004615139022685956,0.4513999999999999,1,4225295.5,24.385997772216797,3.388529062271118
24931,0.0,0.0004615139022685956,0.4513799999999999,3,173557456.0,24.566776275634766,7.655553340911865
24932,0.0,0.0004476684852005377,0.45135999999999993,1,4161459.5,24.736820220947266,9.98830509185791
24933,0.0,0.00048348196401658077,0.4513399999999999,6,66185564.0,24.816917419433594,12.77309513092041
24934,0.0,0.0004689775050960833,0.4513199999999999,1,21310008.0,24.87993049621582,1.4169204235076904
24935,0.0,0.00050649570550377,0.4512999999999999,6,63194152.0,24.902978897094727,14.131757736206055
24936,0.0,0.0005115606625588077,0.4512799999999999,4,7610309.0,24.825950622558594,5.263232707977295
24937,0.0,0.0005524855155635124,0.45125999999999994,6,114596.203125,24.778583526611328,7.621541976928711
24938,0.0,0.0005966843568085934,0.4512399999999999,6,189737696.0,24.663909912109375,6.339630603790283
24939,0.0,0.0005966843568085934,0.4512199999999999,3,2700870.75,24.6441650390625,6.23492431640625
24940,0.0,0.0006444191053532809,0.45119999999999993,6,23968716.0,24.761289596557617,1.6156374216079712
24941,0.0,0.0006959726337815434,0.4511799999999999,6,1112669.5,24.87343978881836,1.4206005334854126
24942,0.0,0.0007029323601193589,0.4511599999999999,4,1757237.875,24.88646125793457,7.459253787994385
24943,0.0,0.0006466977713098102,0.45113999999999993,0,3321201.25,24.664936065673828,5.100833415985107
24944,0.0,0.0006402307935967121,0.4511199999999999,2,50842900.0,24.258445739746094,5.248437404632568
24945,0.0,0.0006338284856607449,0.4510999999999999,2,41278244.0,23.81253433227539,7.638325214385986
24946,0.0,0.0006338284856607449,0.4510799999999999,3,26318056.0,23.422828674316406,1.4847066402435303
24947,0.0,0.0006528433402305673,0.4510599999999999,5,1514186.0,22.962984085083008,7.9781365394592285
24948,2928391.669999987,0.000546821465338287,0.45103999999999994,6,28988250.0,22.28282928466797,8.53088092803955
24949,2322289.7899999875,0.00059056718256535,0.4510199999999999,6,3890316.5,17.213844299316406,10.095699310302734
24950,886614.1399999859,0.00059056718256535,0.4509999999999999,3,20569352.0,17.21300506591797,10.028661727905273
24951,624271.8899999864,0.0006082841980423105,0.45097999999999994,5,31260186.0,17.21247100830078,10.380417823791504
24952,0.0,0.0006265327239835799,0.4509599999999999,5,54347.04296875,17.21187973022461,12.5917387008667
24953,0.0,0.0005764101060648935,0.4509399999999999,0,2453184.75,17.2115535736084,10.844145774841309
24954,0.0,0.0005937024092468403,0.45091999999999993,5,117656232.0,21.518890380859375,6.866608619689941
24955,0.0,0.0006115134815242456,0.4508999999999999,5,2110006.0,23.51292610168457,6.578355312347412
24956,0.0,0.0006115134815242456,0.4508799999999999,3,1269106.375,24.224796295166016,3.719714403152466
24957,0.0,0.0005931680770785182,0.4508599999999999,1,21520680.0,24.814678192138672,5.143319606781006
24958,0.0,0.0005753730347661626,0.4508399999999999,1,875586.125,25.09347915649414,3.015899658203125
24959,0.0,0.0005811267651138242,0.4508199999999999,4,360315200.0,25.40227508544922,7.636656284332275
24960,0.0,0.000598560568067239,0.4507999999999999,5,26237928.0,25.43072509765625,3.80869722366333
24961,0.0,0.0005925749623865666,0.4507799999999999,2,79695272.0,25.49124526977539,5.877751350402832
24962,0.0,0.0005985007120104322,0.45075999999999994,4,446301.78125,25.6632080078125,9.98400592803955
24963,0.0,0.0005805456906501193,0.4507399999999999,1,999797.1875,25.31363296508789,7.705708980560303
24964,0.0,0.000574740233743618,0.4507199999999999,2,978231.375,25.264001846313477,5.34197473526001
24965,0.0,0.0005689928314061818,0.45069999999999993,2,44095.0234375,24.85625457763672,9.780330657958984
24966,0.0,0.00056330290309212,0.4506799999999999,2,42333584.0,24.601139068603516,3.864748001098633
24967,0.0,0.0005576698740611987,0.4506599999999999,2,1693525.5,24.428075790405273,6.71804666519165
24968,0.0,0.0006022834639860947,0.45063999999999993,6,71761800.0,24.27985382080078,7.6087541580200195
24969,0.0,0.0005541007868672071,0.4506199999999999,0,77930280.0,24.009071350097656,5.118996620178223
24970,0.0,0.0005485597789985351,0.4505999999999999,2,177062096.0,24.192317962646484,4.758758544921875
24971,0.0,0.0005485597789985351,0.4505799999999999,3,134023232.0,24.20517921447754,1.9464061260223389
24972,0.0,0.0005046749966786522,0.4505599999999999,0,3246527.0,24.317453384399414,7.026900291442871
24973,0.0,0.0004996282467118657,0.45053999999999994,2,19258200.0,24.57914924621582,3.621938705444336
24974,0.0,0.00045965798697491643,0.4505199999999999,0,23825760.0,24.722061157226562,4.519096374511719
24975,0.0,0.0004642545668446656,0.4504999999999999,4,9137398.0,25.013044357299805,5.301202774047852
24976,0.0,0.0005013949321922389,0.45047999999999994,6,7741025.5,25.095624923706055,2.812835931777954
24977,0.0,0.0004612833376168598,0.4504599999999999,0,13144015.0,25.164640426635742,6.818957328796387
24978,0.0,0.0004658961709930284,0.4504399999999999,4,2496441.0,25.394176483154297,7.3333845138549805
24979,0.0,0.0004286244773135862,0.45041999999999993,0,129407048.0,25.26594352722168,7.785642623901367
24980,0.0,0.0004243382325404503,0.4503999999999999,2,24870860.0,25.306171417236328,4.267065048217773
24981,0.0,0.00045828529114368637,0.4503799999999999,6,1670309.625,25.1226863861084,7.258206367492676
24982,0.0,0.000472033849877997,0.4503599999999999,5,7328078.0,24.834192276000977,6.751585006713867
24983,0.0,0.00043427114188775726,0.4503399999999999,0,38172.5703125,24.729318618774414,4.543924331665039
24984,0.0,0.00042124300763112454,0.4503199999999999,1,6582343.0,24.75166893005371,4.338631629943848
24985,0.0,0.0004086057174021908,0.4502999999999999,1,1013528.75,24.510761260986328,12.165206909179688
24986,0.0,0.0003963475458801251,0.4502799999999999,1,7117042.5,24.27138900756836,7.070419788360596
24987,0.0,0.0003844571195037213,0.45025999999999994,1,9444193.0,24.091503143310547,6.477168083190918
24988,0.0,0.00037292340591860965,0.4502399999999999,1,1098515.25,24.107484817504883,2.64619517326355
24989,0.0,0.00036173570374105135,0.4502199999999999,1,128736.421875,24.225475311279297,4.941908836364746
24990,0.0,0.0003508836326288198,0.45019999999999993,1,175016304.0,24.263286590576172,11.859414100646973
24991,0.0,0.0003473747963025316,0.4501799999999999,2,400733568.0,24.36571502685547,7.608529567718506
24992,0.0,0.00034390104833950625,0.4501599999999999,2,687236.5625,24.511049270629883,3.5432138442993164
24993,0.0,0.0003714131322066668,0.45013999999999993,6,118490512.0,24.700193405151367,5.627530574798584
24994,0.0,0.00040112618278320016,0.4501199999999999,6,305909.15625,24.905378341674805,5.417204856872559
24995,0.0,0.0003971149209553682,0.4500999999999999,2,5814082.0,24.97987174987793,12.222240447998047
24996,0.0,0.0003971149209553682,0.4500799999999999,3,1020540.375,25.005584716796875,9.552546501159668
24997,0.0,0.0003931437717458145,0.4500599999999999,2,7717019.5,25.01193618774414,3.632866859436035
24998,0.0,0.00038921233402835635,0.45003999999999994,2,24496372.0,24.88412094116211,10.562012672424316
24999,0.0,0.00038921233402835635,0.4500199999999999,3,4370594.5,24.73556137084961,4.83540153503418
25000,0.0,0.00038532021068807276,0.44999999999999996,2,397399136.0,24.50562286376953,14.934798240661621
25001,0.0,0.0004161458275431186,0.44997999999999994,6,1971657.375,24.331632614135742,3.4260542392730713
25002,0.0,0.0004494374937465681,0.4499599999999999,6,104710736.0,24.1873779296875,7.4423041343688965
25003,0.0,0.0004494374937465681,0.4499399999999999,3,4991029.0,24.118772506713867,7.869836807250977
25004,0.0,0.0004539318686840338,0.4499199999999999,4,35272716.0,24.08515739440918,9.058241844177246
25005,0.0,0.0004176173191893111,0.44989999999999997,0,765119.875,24.194608688354492,2.6205790042877197
25006,0.0,0.00042179349238120423,0.44987999999999995,4,13266109.0,24.421348571777344,1.9891307353973389
25007,0.0,0.00042601142730501625,0.4498599999999999,4,13289230.0,24.75153923034668,4.201307773590088
25008,0.0,0.000391930513120615,0.4498399999999999,0,171994848.0,24.9130802154541,10.651683807373047
25009,0.0,0.0003801725977269965,0.4498199999999999,1,3166550.25,24.95572280883789,9.166440963745117
25010,0.0,0.0003687674197951866,0.44979999999999987,1,497719.65625,25.039241790771484,3.9389171600341797
25011,0.0,0.0003687674197951866,0.44977999999999996,3,2255334.0,25.02530860900879,5.369973659515381
25012,0.0,0.0003392660262115717,0.44975999999999994,0,9125266.0,24.968748092651367,4.894327640533447
25013,0.0,0.0003392660262115717,0.4497399999999999,3,642703296.0,24.83672332763672,9.69412612915039
25014,0.0,0.000312124744114646,0.4497199999999999,0,5096650.0,24.666194915771484,4.9487385749816895
25015,0.0,0.0003214884864380854,0.4496999999999999,5,340377152.0,24.637962341308594,6.762513160705566
25016,0.0,0.00033113314103122793,0.44967999999999997,5,12220044.0,24.57137680053711,5.3470988273620605
25017,0.0,0.00030464248974872973,0.44965999999999995,0,397527.09375,24.421422958374023,13.462258338928223
25018,0.0,0.00032901388892862815,0.44963999999999993,6,5087053.0,24.320919036865234,11.034032821655273
25019,0.0,0.00035533500004291844,0.4496199999999999,6,570290.3125,24.161788940429688,8.616240501403809
25020,0.0,0.00035533500004291844,0.4495999999999999,3,20968582.0,24.09185218811035,5.603446006774902
25021,0.0,0.00038376180004635196,0.44957999999999987,6,45715952.0,24.12259864807129,6.191356182098389
25022,0.0,0.0003799241820458884,0.44955999999999996,2,69775744.0,24.265226364135742,2.5109124183654785
25023,0.0,0.00041031811660955953,0.44953999999999994,6,14595601.0,24.534048080444336,2.4876482486724854
25024,0.0,0.0004431435659383243,0.4495199999999999,6,41267832.0,24.762344360351562,6.9983954429626465
25025,0.0,0.0004785950512133903,0.4494999999999999,6,9715779.0,25.05306053161621,5.990270614624023
25026,0.0,0.0005168826553104616,0.4494799999999999,6,23900230.0,25.266616821289062,6.705511569976807
25027,0.0,0.0005582332677352986,0.44945999999999986,6,495980.125,25.355854034423828,9.2349853515625
25028,0.0,0.0005582332677352986,0.44943999999999995,3,171223712.0,25.350908279418945,7.898581504821777
25029,0.0,0.0005582332677352986,0.44941999999999993,3,5914902.5,25.13528060913086,19.481616973876953
25030,0.0,0.0005582332677352986,0.4493999999999999,3,25134888.0,24.854413986206055,9.175780296325684
25031,0.0,0.0005582332677352986,0.4493799999999999,3,7080977.5,24.62496566772461,6.612068176269531
25032,0.0,0.0005135746063164747,0.44935999999999987,0,23799218.0,24.46348762512207,7.823861598968506
25033,0.0,0.0005084388602533099,0.44933999999999996,2,562580.125,24.17984962463379,5.405333995819092
25034,0.0,0.0004677637514330452,0.44931999999999994,0,11451137.0,24.21831703186035,5.611510753631592
25035,0.0,0.0005051848515476888,0.4492999999999999,6,3571645.75,24.083091735839844,13.110289573669434
25036,0.0,0.0005102367000631657,0.4492799999999999,4,56385816.0,24.3815975189209,6.988200664520264
25037,0.0,0.0005153390670637974,0.4492599999999999,4,8779409.0,24.45298957824707,6.465419292449951
25038,0.0,0.0005307992390757114,0.44923999999999986,5,10284561.0,24.331623077392578,6.449811935424805
25039,0.0,0.0004883352999496544,0.44921999999999995,0,9727502.0,24.205636978149414,6.880821228027344
25040,0.0,0.00048345194695015786,0.44919999999999993,2,340290112.0,24.01319122314453,3.0571975708007812
25041,0.0,0.0005221281027061706,0.4491799999999999,6,6560296.5,23.816652297973633,4.683161735534668
25042,4961987.440000007,0.000575679070202518,0.4491599999999999,4,8189942.5,23.50347328186035,3.0078861713409424
25043,3532364.920000008,0.000575679070202518,0.4491399999999999,3,6728019.0,17.248062133789062,4.355345249176025
25044,2370989.9500000086,0.0005584086980964425,0.44911999999999996,1,31405720.0,17.2479248046875,9.134753227233887
25045,3061.820000003092,0.000552824611115478,0.44909999999999994,2,6706415.5,17.247629165649414,6.474645137786865
25046,0.0,0.0005583528572266328,0.4490799999999999,4,64495432.0,17.247194290161133,2.0475597381591797
25047,0.0,0.0005527693286543665,0.4490599999999999,2,169403296.0,17.246828079223633,1.2218791246414185
25048,0.0,0.0005472416353678228,0.4490399999999999,2,65842656.0,24.235586166381836,1.008461594581604
25049,0.0,0.000503462304538397,0.44901999999999986,0,26757350.0,24.922780990600586,2.883866786956787
25050,0.0,0.0005437392889014687,0.44899999999999995,6,207143104.0,24.090572357177734,4.515731334686279
25051,0.0,0.0005491766817904834,0.44897999999999993,4,3481048.25,24.61480140686035,4.85580587387085
25052,0.0,0.0005656519822441979,0.4489599999999999,5,11624699.0,24.707855224609375,2.1603639125823975
25053,0.0,0.000548682422776872,0.4489399999999999,1,16898546.0,24.442832946777344,12.52956485748291
25054,0.0,0.0005322219500935658,0.4489199999999999,1,1548254.25,24.605243682861328,1.1409937143325806
25055,0.0,0.0005268997305926302,0.44889999999999997,2,16506857.0,24.538352966308594,3.593043804168701
25056,0.0,0.0005321687278985565,0.44887999999999995,4,19620000.0,24.380525588989258,6.806128025054932
25057,0.0,0.0005321687278985565,0.4488599999999999,3,214432.34375,24.221210479736328,6.685750484466553
25058,0.0,0.0005481337897355132,0.4488399999999999,5,1904146.125,24.339174270629883,6.629555702209473
25059,0.0,0.0005919844929143543,0.4488199999999999,6,11256802.0,24.227310180664062,10.446975708007812
25060,0.0,0.000544625733481206,0.44879999999999987,0,12384575.0,24.275373458862305,2.157417058944702
25061,0.0,0.0005010556748027095,0.44877999999999996,0,340711.90625,24.69243621826172,5.9013752937316895
25062,0.0,0.0005060662315507366,0.44875999999999994,4,12451014.0,24.80113410949707,7.695184707641602
25063,0.0,0.00046558093302667767,0.4487399999999999,0,15956236.0,24.714916229248047,7.258546352386475
25064,0.0,0.00046558093302667767,0.4487199999999999,3,9703851.0,24.821025848388672,11.157264709472656
25065,0.0,0.00045161350503587734,0.4486999999999999,1,10299756.0,24.742820739746094,3.914565324783325
25066,0.0,0.00044709736998551855,0.44867999999999997,2,200660.5,24.821826934814453,3.2754828929901123
25067,0.0,0.00044262639628566336,0.44865999999999995,2,157855936.0,24.687000274658203,11.70358943939209
25068,0.0,0.00042934760439709347,0.4486399999999999,1,5790113.0,24.636150360107422,5.222677230834961
25069,0.0,0.000394999796045326,0.4486199999999999,0,11616816.0,24.621051788330078,4.119953155517578
25070,0.0,0.0003633998123616999,0.4485999999999999,0,1945753.125,24.61650276184082,4.255021095275879
25071,0.0,0.0003597658142380829,0.44857999999999987,2,24864652.0,24.4871826171875,8.964831352233887
25072,0.0,0.00035616815609570203,0.44855999999999996,2,65723912.0,24.368398666381836,6.787744522094727
25073,0.0,0.000352606474534745,0.44853999999999994,2,205354400.0,24.350881576538086,2.9665565490722656
25074,0.0,0.000352606474534745,0.4485199999999999,3,2460856.0,24.305692672729492,9.413277626037598
25075,0.0,0.0003420282802987026,0.4484999999999999,1,191649936.0,24.325437545776367,2.9706358909606934
25076,0.0,0.00034544856310168967,0.4484799999999999,4,11344186.0,24.44272232055664,8.28296184539795
25077,0.0,0.000335085106208639,0.44845999999999997,1,108770.859375,24.472007751464844,6.145008087158203
25078,0.0,0.0003384359572707254,0.44843999999999995,4,505039616.0,24.523422241210938,9.976743698120117
25079,0.0,0.0003418203168434327,0.44841999999999993,4,2774580.5,24.39385986328125,10.972052574157715
25080,0.0,0.000345238520011867,0.4483999999999999,4,787999.4375,24.305261611938477,7.9998016357421875
25081,0.0,0.0003486909052119857,0.4483799999999999,4,81293696.0,24.260780334472656,8.205626487731934
25082,0.0,0.00035217781426410554,0.44835999999999987,4,10391748.0,24.315689086914062,5.669431209564209
25083,0.0,0.0003556995924067466,0.44833999999999996,4,343189280.0,24.454252243041992,2.515165090560913
25084,0.0,0.000366370580178949,0.44831999999999994,5,131706176.0,24.685457229614258,1.5450149774551392
25085,0.0,0.000366370580178949,0.4482999999999999,3,34867488.0,24.891708374023438,5.5667266845703125
25086,0.0,0.0003627068743771595,0.4482799999999999,2,11461843.0,25.018619537353516,7.865730285644531
25087,0.0,0.0003336903244269868,0.4482599999999999,0,10054600.0,25.021909713745117,7.341350555419922
25088,0.0,0.00033035342118271693,0.44823999999999986,2,11861058.0,25.044151306152344,2.6543874740600586
25089,0.0,0.00032704988697088974,0.44821999999999995,2,339321120.0,25.027193069458008,4.972655773162842
25090,0.0,0.00032377938810118086,0.44819999999999993,2,132204608.0,24.976951599121094,10.137763977050781
25091,0.0,0.0003270171819821927,0.4481799999999999,4,88176384.0,24.95269012451172,2.730283737182617
25092,0.0,0.00033682769744165845,0.4481599999999999,5,809193.8125,24.94056510925293,4.991580486297607
25093,0.0,0.00033345942046724184,0.44813999999999987,2,1456863.625,24.90476417541504,5.484955310821533
25094,0.0,0.00033345942046724184,0.44811999999999996,3,174121312.0,24.8189754486084,6.701124668121338
25095,0.0,0.00036013617410462123,0.44809999999999994,6,1981514.875,24.73474884033203,5.340726852416992
25096,0.0,0.00038894706803299097,0.4480799999999999,6,8832787.0,24.73195457458496,3.5495941638946533
25097,0.0,0.0004200628334756303,0.4480599999999999,6,5841889.0,24.674888610839844,9.193521499633789
25098,0.0,0.00038645780679757985,0.4480399999999999,0,10681394.0,24.55960464477539,9.72768783569336
25099,0.0,0.00041737443134138625,0.44801999999999986,6,76925712.0,24.48060417175293,3.69730806350708
25100,0.0,0.00045076438584869716,0.44799999999999995,6,44342176.0,24.388486862182617,10.674145698547363
25101,0.0,0.00045076438584869716,0.44797999999999993,3,5508364.0,24.36542320251465,7.100225448608398
25102,0.0,0.0004147032349808014,0.4479599999999999,0,4877584.0,24.404882431030273,2.5989232063293457
25103,0.0,0.00044787949377926556,0.4479399999999999,6,9178786.0,24.541400909423828,1.877084732055664
25104,0.0,0.00046131587859264353,0.4479199999999999,5,215575248.0,24.63033676147461,7.639397621154785
25105,0.0,0.00045670271980671707,0.44789999999999996,2,2608756.25,24.654052734375,7.647658348083496
25106,0.0,0.0004704038014009186,0.44787999999999994,5,6581660.5,24.596878051757812,9.164047241210938
25107,0.0,0.00046569976338690943,0.4478599999999999,2,81327632.0,24.610679626464844,1.5139095783233643
25108,0.0,0.00046569976338690943,0.4478399999999999,3,6452634.5,24.56546974182129,9.524712562561035
25109,0.0,0.00047967075628851675,0.4478199999999999,5,9168906.0,24.54030418395996,2.8692073822021484
25110,0.0,0.00046528063359986126,0.44779999999999986,1,6229325.5,24.52100372314453,9.338929176330566
25111,0.0,0.00046062782726386263,0.44777999999999996,2,532987.375,24.587778091430664,7.585122585296631
25112,0.0,0.000456021548991224,0.44775999999999994,2,362527328.0,24.508630752563477,11.869057655334473
25113,0.0,0.00041953982507192606,0.4477399999999999,0,1887156.25,24.44652557373047,4.651691913604736
25114,0.0,0.00043212601982408385,0.4477199999999999,5,7958789.0,24.462045669555664,3.760136604309082
25115,0.0,0.00039755593823815715,0.4476999999999999,0,16715669.0,24.500713348388672,7.166488170623779
25116,0.0,0.0003657514631791046,0.44767999999999997,0,46038404.0,24.711103439331055,3.607651948928833
25117,0.0,0.00033649134612477626,0.44765999999999995,0,3636949.75,24.84203338623047,8.411599159240723
25118,0.0,0.0003095720384347942,0.4476399999999999,0,5679727.0,24.848546981811523,11.04763126373291
25119,0.0,0.0003095720384347942,0.4476199999999999,3,7758189.5,24.89232063293457,5.437002182006836
25120,0.0,0.00028480627536001064,0.4475999999999999,0,17250356.0,24.864038467407227,6.222752571105957
25121,0.0,0.0002620217733312098,0.44757999999999987,0,50427064.0,24.830718994140625,7.336426734924316
25122,0.0,0.00024106003146471302,0.44755999999999996,0,34437544.0,24.83725357055664,4.277598857879639
25123,0.0,0.0002603448339818901,0.44753999999999994,6,4029428.75,24.81185531616211,6.782181262969971
25124,0.0,0.0002577413856420712,0.4475199999999999,2,6792474.0,24.770790100097656,8.256599426269531
25125,0.0,0.00023712207479070551,0.4474999999999999,0,10028590.0,24.810258865356445,5.819705009460449
25126,0.0,0.00025609184077396197,0.4474799999999999,6,18770114.0,24.800107955932617,3.154203414916992
25127,0.0,0.0002535309223662223,0.44745999999999997,2,13793154.0,25.017213821411133,3.4910736083984375
25128,0.0,0.00027381339615552015,0.44743999999999995,6,158804128.0,25.163551330566406,8.116305351257324
25129,0.0,0.0002957184678479618,0.44741999999999993,6,2122392.0,25.37372589111328,1.2104545831680298
25130,0.0,0.00029276128316948216,0.4473999999999999,2,314209152.0,25.41351890563965,12.302746772766113
25131,0.0,0.000295688896001177,0.4473799999999999,4,8169709.5,25.327402114868164,5.29494571685791
25132,0.0,0.0003045595628812123,0.44735999999999987,5,14488538.0,24.933189392089844,5.615753650665283
25133,4856430.770000009,0.0005992281077815642,0.44733999999999996,5,8406074.0,24.39168930053711,7.038114070892334
25134,3451668.640000009,0.0005932358267037485,0.44731999999999994,2,40833684.0,17.271987915039062,5.067936420440674
25135,3059559.7300000084,0.0006406946928400485,0.4472999999999999,6,326570.96875,17.271556854248047,5.874891757965088
25136,0.0,0.0006919502682672524,0.4472799999999999,6,9820936.0,17.27088737487793,9.554636001586914
25137,0.0,0.0006988697709499249,0.4472599999999999,4,6316948.0,17.27045249938965,6.118818283081055
25138,0.0,0.0007058584686594241,0.44723999999999986,4,162132064.0,23.136568069458008,7.553167819976807
25139,0.0,0.0006493897911666702,0.44721999999999995,0,21208264.0,23.5218505859375,5.1188764572143555
25140,0.0,0.0007013409744600038,0.44719999999999993,6,7672584.0,23.2335262298584,8.413736343383789
25141,0.0,0.0006452336965032036,0.4471799999999999,0,3255075.75,24.079334259033203,4.0049729347229
25142,0.0,0.00069685239222346,0.4471599999999999,6,6969416.0,24.26071548461914,6.902398109436035
25143,0.0,0.0007177579639901638,0.44713999999999987,5,27220072.0,24.3985595703125,4.6880106925964355
25144,0.0,0.0007392907029098687,0.44711999999999996,5,4855122.0,24.576539993286133,7.708254337310791
25145,0.0,0.00073189779588077,0.44709999999999994,2,22885400.0,24.613666534423828,8.576933860778809
25146,0.0,0.000709940862004347,0.4470799999999999,1,1892586.25,24.880067825317383,7.237922668457031
25147,0.0,0.0006886426361442166,0.4470599999999999,1,9118438.0,24.99788475036621,3.8892221450805664
25148,0.0,0.00066798335705989,0.4470399999999999,1,4870052.0,25.078489303588867,3.1426844596862793
25149,0.0,0.0007214220256246813,0.44701999999999986,6,8342969.5,25.068767547607422,7.838300704956055
25150,0.0,0.0006997793648559408,0.44699999999999995,1,124023904.0,24.6158447265625,10.210554122924805
25151,0.0,0.0006437970156674656,0.44697999999999993,0,1081741.625,24.736722946166992,7.308032989501953
25152,0.0,0.0006953007769208629,0.4469599999999999,6,1264011.875,24.70205307006836,3.8629679679870605
25153,0.0,0.0006744417536132369,0.4469399999999999,1,7759513.5,24.29500389099121,4.609407901763916
25154,0.0,0.0006542085010048398,0.4469199999999999,1,10708601.0,24.400598526000977,5.1074724197387695
25155,0.0,0.0006607505860148882,0.44689999999999996,4,14783619.0,24.267047882080078,12.876681327819824
25156,0.0,0.000667358091875037,0.44687999999999994,4,3397568.0,24.026519775390625,11.402863502502441
25157,0.0,0.0006740316727937874,0.4468599999999999,4,8118355.5,23.93880844116211,8.319524765014648
25158,0.0,0.0006807719895217253,0.4468399999999999,4,2060861.375,24.041900634765625,2.8625547885894775
25159,0.0,0.0006807719895217253,0.4468199999999999,3,697509.25,24.159841537475586,6.750514030456543
25160,0.0,0.0006807719895217253,0.44679999999999986,3,10121457.0,24.288114547729492,9.562451362609863
25161,0.0,0.0006875797094169426,0.44677999999999995,4,185029504.0,24.436771392822266,3.821223735809326
25162,0.0,0.0007082071006994509,0.44675999999999993,5,179552752.0,24.575885772705078,5.476920127868652
25163,0.0,0.0007152891717064454,0.4467399999999999,4,90625.5859375,24.70612907409668,7.304948329925537
25164,0.0,0.0007224420634235098,0.4467199999999999,4,1843400.75,24.92816734313965,3.553510904312134
25165,0.0,0.0007224420634235098,0.4466999999999999,3,34615448.0,25.033260345458984,7.363785266876221
25166,0.0,0.0006646466983496291,0.44667999999999997,0,4691571.0,25.087299346923828,7.668886184692383
25167,0.0,0.0006712931653331253,0.44665999999999995,4,2002841.5,25.12771224975586,7.389676094055176
25168,0.0,0.0006914319602931192,0.4466399999999999,5,64206740.0,24.95684051513672,6.112149238586426
25169,0.0,0.0006706890014843256,0.4466199999999999,1,3812959.25,24.83181381225586,7.628735542297363
25170,0.0,0.0007243441216030717,0.4465999999999999,6,10374515.0,24.930212020874023,1.6332873106002808
25171,0.0,0.0007026137979549796,0.44657999999999987,1,5085783.0,24.715984344482422,8.138465881347656
25172,0.0,0.000758822901791378,0.44655999999999996,6,3261763.5,24.723045349121094,3.9423727989196777
25173,0.0,0.0008195287339346883,0.44653999999999994,6,6736367.0,24.492448806762695,10.139775276184082
25174,0.0,0.0008850910326494635,0.4465199999999999,6,6356450.0,24.411781311035156,3.6711490154266357
25175,0.0,0.0009558983152614206,0.4464999999999999,6,339703264.0,24.337974548339844,6.512884140014648
25176,0.0,0.0010323701804823343,0.4464799999999999,6,177471632.0,24.246278762817383,11.87840461730957
25177,0.0,0.0011149597949209212,0.44645999999999997,6,17474754.0,24.30695343017578,3.944593906402588
25178,0.0,0.0011261093928701304,0.44643999999999995,4,5889183.5,24.322172164916992,11.873126029968262
25179,0.0,0.0010923261110840265,0.44641999999999993,1,1042527.625,24.408706665039062,7.447405815124512
25180,0.0,0.0010814028499731862,0.4463999999999999,2,12062590.0,24.52849006652832,5.661045551300049
25181,0.0,0.0010814028499731862,0.4463799999999999,3,318310144.0,24.66059684753418,3.3667497634887695
25182,0.0,0.0010814028499731862,0.44635999999999987,3,1478446.0,24.757526397705078,7.358447074890137
25183,0.0,0.0010705888214734543,0.44633999999999996,2,31817018.0,24.853273391723633,6.595962047576904
25184,0.0,0.001102706486117658,0.44631999999999994,5,13249304.0,24.981651306152344,3.977017641067505
25185,0.0,0.001102706486117658,0.4462999999999999,3,166809520.0,25.085206985473633,4.192727565765381
25186,0.0,0.001102706486117658,0.4462799999999999,3,357798944.0,25.17865753173828,5.540708065032959
25187,0.0,0.001102706486117658,0.4462599999999999,3,3632046.5,25.220956802368164,3.336003541946411
25188,0.0,0.0011137335509788346,0.44623999999999986,4,41040568.0,25.272884368896484,3.588913917541504
25189,0.0,0.0011471455575081996,0.44621999999999995,5,1948310.125,25.181079864501953,12.694889068603516
25190,0.0,0.0011586170130832817,0.44619999999999993,4,27828020.0,24.994104385375977,5.764546871185303
25191,0.0,0.00119337552347578,0.4461799999999999,5,19598336.0,24.75091552734375,8.201177597045898
25192,0.0,0.0012291767891800536,0.4461599999999999,5,308533.25,24.524616241455078,5.564504146575928
25193,0.0,0.0012660520928554552,0.44613999999999987,5,156690.9375,24.263957977294922,11.727747917175293
25194,0.0,0.0013673362602838917,0.44611999999999996,6,133552024.0,23.994338989257812,7.264369487762451
25195,0.0,0.0013536628976810528,0.44609999999999994,2,71470544.0,23.925445556640625,6.83091926574707
25196,0.0,0.0013401262687042423,0.4460799999999999,2,123305800.0,24.007022857666016,4.075160026550293
25197,0.0,0.0013267250060172,0.4460599999999999,2,87153904.0,24.105241775512695,8.637497901916504
25198,0.0,0.001313457755957028,0.4460399999999999,2,115065056.0,24.2558536529541,4.829296588897705
25199,0.0,0.0013003231783974578,0.44601999999999986,2,154640432.0,24.448131561279297,6.244459629058838
25200,0.0,0.0012873199466134832,0.44599999999999995,2,2567968.75,24.583498001098633,13.552606582641602
25201,0.0,0.0012744467471473484,0.44597999999999993,2,6953073.0,24.597129821777344,14.629009246826172
25202,0.0,0.0012871912146188219,0.4459599999999999,4,8546279.0,24.58418846130371,7.357234001159668
25203,0.0,0.0013901665117883276,0.4459399999999999,6,8861200.0,24.567703247070312,3.7311015129089355
25204,0.0,0.0013484615164346778,0.44591999999999987,1,9311492.0,24.526884078979492,9.000565528869629
25205,0.0,0.0013080076709416375,0.44589999999999996,1,1118257.875,24.577720642089844,8.79969596862793
25206,0.0,0.0012687674408133883,0.44587999999999994,1,138556576.0,24.602842330932617,8.667019844055176
25207,0.0,0.0012307044175889866,0.4458599999999999,1,38251960.0,24.724227905273438,3.2238354682922363
25208,0.0,0.001193783285061317,0.4458399999999999,1,7138204.0,24.853763580322266,9.875608444213867
25209,0.0,0.0011579697865094774,0.4458199999999999,1,8736491.0,24.913345336914062,7.67876672744751
25210,0.0,0.0010653322035887192,0.44579999999999986,0,17716568.0,24.9288272857666,3.2924411296844482
25211,0.0,0.0010972921696963808,0.44577999999999995,5,9040106.0,24.942827224731445,2.281238079071045
25212,0.0,0.0010095087961206704,0.44575999999999993,0,132206168.0,25.02430534362793,6.916518211364746
25213,0.0,0.0010397940600042905,0.4457399999999999,5,33638812.0,24.935762405395508,8.582280158996582
25214,0.0,0.0010397940600042905,0.4457199999999999,3,131717824.0,24.953350067138672,8.555675506591797
25215,0.0,0.0010709878818044192,0.4456999999999999,5,18590934.0,24.935365676879883,3.2530338764190674
25216,0.0,0.0009853088512600658,0.44567999999999997,0,486750.0625,24.875593185424805,6.111037254333496
25217,0.0,0.001064133559360871,0.44565999999999995,6,10904746.0,24.728504180908203,2.1516547203063965
25218,0.0,0.0011492642441097408,0.4456399999999999,6,56496864.0,24.862651824951172,6.094961643218994
25219,0.0,0.0011147863167864484,0.4456199999999999,1,728584.75,24.848405838012695,9.65153980255127
25220,0.0,0.0012039692221293644,0.4455999999999999,6,9541926.0,24.764995574951172,1.2710806131362915
25221,0.0,0.0013002867598997136,0.44557999999999987,6,12542937.0,25.022844314575195,2.996114730834961
25222,0.0,0.0014043097006916907,0.44555999999999996,6,10309585.0,25.1578426361084,3.992544651031494
25223,0.0,0.0014464389917124415,0.44553999999999994,5,28218904.0,24.789026260375977,6.730073928833008
25224,6477457.080000002,0.0005791457510715871,0.4455199999999999,1,27595332.0,24.388980865478516,2.588608503341675
25225,4243730.410000006,0.0006254774111573141,0.4454999999999999,6,13905340.0,17.304916381835938,11.435698509216309
25226,2367390.460000005,0.0006254774111573141,0.4454799999999999,3,35430860.0,17.30536460876465,3.1263985633850098
25227,1327776.9900000074,0.0006192226370457409,0.44545999999999997,2,5939402.0,17.305904388427734,2.9440033435821533
25228,668434.6800000088,0.0006377993161571132,0.44543999999999995,5,2490001.5,17.30556297302246,13.539253234863281
25229,55837.920000008424,0.0006888232614496823,0.4454199999999999,6,87512344.0,17.305038452148438,7.309909343719482
25230,0.0,0.0007094879592931727,0.4453999999999999,5,23140160.0,17.305139541625977,2.634528636932373
25231,0.0,0.0007165828388861045,0.4453799999999999,4,123037312.0,17.30526351928711,8.465397834777832
25232,0.0,0.0007739094659969929,0.44535999999999987,6,1364683.75,24.624055862426758,10.368607521057129
25233,0.0,0.0008358222232767524,0.44533999999999996,6,6115347.0,24.289958953857422,6.161092281341553
25234,0.0,0.0009026880011388927,0.44531999999999994,6,1887040.875,24.12940788269043,10.584552764892578
25235,0.0,0.0009026880011388927,0.4452999999999999,3,2036185.625,24.11695098876953,6.539480209350586
25236,0.0,0.0008756073611047259,0.4452799999999999,1,10166301.0,24.262218475341797,10.593421936035156
25237,0.0,0.0008055587722163479,0.4452599999999999,0,86790120.0,24.421672821044922,6.025576114654541
25238,0.0,0.0008055587722163479,0.44523999999999997,3,328540064.0,24.475927352905273,3.955061197280884
25239,0.0,0.0008055587722163479,0.44521999999999995,3,269878.9375,24.518098831176758,6.629964828491211
25240,0.0,0.0007975031844941844,0.44519999999999993,2,972235.0,24.698381423950195,4.606472015380859
25241,0.0,0.0007975031844941844,0.4451799999999999,3,37501904.0,24.89727020263672,7.1306023597717285
25242,0.0,0.0007975031844941844,0.4451599999999999,3,2186386.75,24.826904296875,11.834026336669922
25243,0.0,0.0007735780889593589,0.44513999999999987,1,63360044.0,24.81728172302246,3.0754406452178955
25244,0.0,0.0007735780889593589,0.44511999999999996,3,551063.625,24.74349021911621,12.545509338378906
25245,0.0,0.0007735780889593589,0.44509999999999994,3,28067328.0,24.465801239013672,9.186306953430176
25246,0.0,0.0007658423080697653,0.4450799999999999,2,3763996.25,24.307289123535156,6.842397689819336
25247,0.0,0.0007428670388276723,0.4450599999999999,1,6007004.5,24.221492767333984,2.790266513824463
25248,0.0,0.0007502957092159491,0.4450399999999999,4,5203387.0,24.197267532348633,8.15878963470459
25249,0.0,0.0007577986663081086,0.44501999999999986,4,2043896.625,24.147165298461914,5.431929588317871
25250,0.0,0.0007502206796450274,0.44499999999999995,2,13204856.0,24.300127029418945,5.404838562011719
25251,0.0,0.0006902030252734253,0.44497999999999993,0,208834048.0,24.543346405029297,9.287111282348633
25252,0.0,0.0007454192672952994,0.4449599999999999,6,5146692.5,24.685914993286133,9.891714096069336
25253,0.0,0.0007528734599682523,0.4449399999999999,4,54855048.0,24.610185623168945,7.909155368804932
25254,0.0,0.0007302872561692047,0.44491999999999987,1,54501180.0,24.8232364654541,5.044360637664795
25255,0.0,0.0007083786384841286,0.44489999999999996,1,2210948.25,25.099937438964844,1.1635562181472778
25256,0.0,0.0007296299976386524,0.44487999999999994,5,10799883.0,25.212739944458008,7.643182277679443
25257,0.0,0.0007077410977094929,0.4448599999999999,1,2676330.0,25.165882110595703,5.495612144470215
25258,0.0,0.0006865088647782081,0.4448399999999999,1,1684230.5,25.36733055114746,1.8860232830047607
25259,0.0,0.0006659135988348619,0.4448199999999999,1,337010720.0,25.338895797729492,8.815664291381836
25260,0.0,0.0006725727348232105,0.44479999999999986,4,125313760.0,25.32102394104004,3.8503074645996094
25261,0.0,0.0006523955527785142,0.44477999999999995,1,2917581.25,25.0745906829834,10.49709701538086
25262,0.0,0.0006002039085562331,0.44475999999999993,0,12822946.0,24.86820411682129,9.315919876098633
25263,0.0,0.0006062059476417954,0.4447399999999999,4,427568.78125,24.59279441833496,7.3363494873046875
25264,0.0,0.0005880197692125415,0.4447199999999999,1,212963.546875,24.3198184967041,6.755845069885254
25265,0.0,0.000593899966904667,0.4446999999999999,4,20985036.0,24.20347023010254,6.7740044593811035
25266,0.0,0.0005998389665737136,0.44467999999999996,4,52569768.0,24.171098709106445,3.4400856494903564
25267,0.0,0.0006058373562394508,0.44465999999999994,4,194072.25,24.264297485351562,6.42302942276001
25268,0.0,0.0006118957298018454,0.4446399999999999,4,5037568.0,24.467002868652344,2.495612144470215
25269,0.0,0.0005629440714176977,0.4446199999999999,0,138956.453125,24.650405883789062,7.409566879272461
25270,0.0,0.0005685735121318747,0.4445999999999999,4,2661878.0,24.847333908081055,5.530893802642822
25271,0.0,0.0005685735121318747,0.44457999999999986,3,119327.984375,25.032678604125977,4.756602764129639
25272,0.0,0.0005742592472531934,0.44455999999999996,4,35414.9921875,25.065326690673828,12.135079383850098
25273,0.0,0.0005914870246707892,0.44453999999999994,5,27783746.0,25.066078186035156,6.418814182281494
25274,0.0,0.0006092316354109129,0.4445199999999999,5,123100424.0,24.96295166015625,11.45462703704834
25275,0.0,0.0006275085844732404,0.4444999999999999,5,4898953.0,24.913488388061523,3.222550392150879
25276,0.0,0.0006463338420074375,0.4444799999999999,5,20578498.0,24.889713287353516,1.3578780889511108
25277,0.0,0.0006657238572676607,0.44445999999999997,5,5346080.0,24.834598541259766,8.189257621765137
25278,0.0,0.0006590666186949842,0.44443999999999995,2,10759010.0,24.73797607421875,8.795472145080566
25279,0.0,0.0006524759525080343,0.4444199999999999,2,3981348.0,24.696277618408203,2.6569814682006836
25280,0.0,0.0006002778763073915,0.4443999999999999,0,4610041.0,24.63974952697754,7.06396484375
25281,0.0,0.0006002778763073915,0.4443799999999999,3,14058818.0,24.61219596862793,10.539005279541016
25282,0.0,0.0006483001064119829,0.44435999999999987,6,99405792.0,24.608327865600586,4.290221691131592
25283,0.0,0.0006677491096043425,0.44433999999999996,5,10364123.0,24.656492233276367,3.6033709049224854
25284,0.0,0.0006677491096043425,0.44431999999999994,3,499463.625,24.657846450805664,7.85004186630249
25285,0.0,0.000661071618508299,0.4442999999999999,2,54419.8671875,24.628801345825195,7.123319149017334
25286,0.0,0.000667682334693382,0.4442799999999999,4,6322573.5,24.597213745117188,4.832962512969971
25287,0.0,0.0006743591580403159,0.4442599999999999,4,4556074.0,24.479515075683594,10.09628677368164
25288,0.0,0.0007283078906835412,0.44423999999999997,6,42967080.0,24.472122192382812,4.079501628875732
25289,0.0,0.0007355909695903767,0.44421999999999995,4,3152903.5,24.414234161376953,10.926645278930664
25290,0.0,0.0007429468792862805,0.44419999999999993,4,1869803.875,24.415620803833008,4.412843227386475
25291,0.0,0.0007206584729076921,0.4441799999999999,1,3077259.5,24.424898147583008,7.868750095367432
25292,0.0,0.0007206584729076921,0.4441599999999999,3,10670721.0,24.467979431152344,7.316837310791016
25293,0.0,0.0006630057950750768,0.44413999999999987,0,17708236.0,24.56743812561035,3.4946279525756836
25294,0.0,0.0006828959689273291,0.44411999999999996,5,17026580.0,24.683807373046875,7.595728397369385
25295,0.0,0.0006624090898595092,0.44409999999999994,1,6481968.5,24.824039459228516,2.774336814880371
25296,0.0,0.00071540181704827,0.4440799999999999,6,4594501.5,24.94819450378418,8.543318748474121
25297,0.0,0.0007368638715597181,0.4440599999999999,5,4253463.5,25.045875549316406,1.4893031120300293
25298,0.0,0.0007147579554129265,0.4440399999999999,1,3552759.0,25.040241241455078,9.04461669921875
25299,0.0,0.0006933152167505386,0.44401999999999986,1,5114476.5,24.843191146850586,11.755846977233887
25300,0.0,0.0006378499994104956,0.44399999999999995,0,9657419.0,24.51803970336914,12.595231056213379
25301,0.0,0.0006187144994281807,0.44397999999999993,1,1970731.875,24.107362747192383,7.870380401611328
25302,0.0,0.0006125273544338989,0.4439599999999999,2,37211908.0,23.895235061645508,4.2431960105896
25303,0.0,0.0006125273544338989,0.4439399999999999,3,21147068.0,23.687911987304688,12.812329292297363
25304,0.0,0.0006064020808895598,0.44391999999999987,2,201834704.0,23.651830673217773,8.31876277923584
25305,0.0,0.0006549142473607247,0.44389999999999996,6,55847540.0,23.6673641204834,8.138204574584961
25306,0.0,0.0007073073871495827,0.44387999999999994,6,3894973.5,23.96012306213379,2.677117347717285
25307,0.0,0.0007638919781215494,0.4438599999999999,6,13791895.0,24.29378890991211,4.276732921600342
25308,0.0,0.0007638919781215494,0.4438399999999999,3,4571512.0,24.673728942871094,4.188884258270264
25309,0.0,0.0008250033363712734,0.4438199999999999,6,8995481.0,24.92131805419922,6.384762287139893
25310,0.0,0.0008167533030075607,0.44379999999999986,2,21436814.0,25.228240966796875,6.546695709228516
25311,0.0,0.0008820935672481656,0.44377999999999995,6,1143388.0,25.276012420654297,3.6654117107391357
25312,0.0,0.0008556307602307206,0.44375999999999993,1,165804704.0,25.48002815246582,8.22953987121582
25313,0.0,0.0008641870678330278,0.4437399999999999,4,264114496.0,25.063678741455078,13.086115837097168
25314,0.0,0.0008901126798680186,0.4437199999999999,5,82261232.0,24.80536651611328,6.346688747406006
25315,0.0,0.000863409299471978,0.4436999999999999,1,98126624.0,24.23457908630371,5.527107238769531
25316,0.0,0.0007943365555142198,0.44367999999999996,0,32030594.0,23.545433044433594,7.104080677032471
25317,0.0,0.000802279921069362,0.44365999999999994,4,67450256.0,22.878936767578125,10.97547435760498
25318,0.0,0.0008263483187014428,0.4436399999999999,5,2571533.0,22.388296127319336,3.092499256134033
25319,0.0,0.0008263483187014428,0.4436199999999999,3,211820640.0,21.721250534057617,8.514452934265137
25320,4734248.11,0.0005497112930122778,0.4435999999999999,3,64728904.0,21.060894012451172,7.974742412567139
25321,3170973.0000000047,0.00059368819645326,0.44357999999999986,6,9147905.0,17.33210563659668,5.762683868408203
25322,1740121.4200000027,0.0006114988423468578,0.44355999999999995,5,41594200.0,17.33361053466797,3.890890121459961
25323,964473.2400000013,0.0006176138307703264,0.44353999999999993,4,15417668.0,17.335344314575195,6.231689453125
25324,0.0,0.0006114376924626231,0.4435199999999999,2,60581.40625,17.336950302124023,6.1236982345581055
25325,0.0,0.0005625226770656133,0.4434999999999999,0,180585760.0,17.33829116821289,5.960646629333496
25326,0.0,0.0005175208629003643,0.4434799999999999,0,42603368.0,22.756927490234375,3.238003969192505
25327,0.0,0.0005330464887873752,0.44345999999999997,5,37773392.0,23.560441970825195,11.909330368041992
25328,0.0,0.0005490378834509964,0.44343999999999995,5,367008160.0,24.853715896606445,8.351081848144531
25329,0.0,0.0005929609141270762,0.4434199999999999,6,24507080.0,24.77650260925293,6.366156578063965
25330,0.0,0.0006403977872572424,0.4433999999999999,6,683092736.0,24.572227478027344,4.41705846786499
25331,0.0,0.0006403977872572424,0.4433799999999999,3,764551.75,24.437074661254883,6.7631306648254395
25332,0.0,0.0006403977872572424,0.44335999999999987,3,172008800.0,24.509435653686523,5.912273406982422
25333,0.0,0.0006403977872572424,0.44333999999999996,3,1431169.0,24.334150314331055,11.381948471069336
25334,0.0,0.0006211858536395251,0.44331999999999994,1,363923552.0,24.09719467163086,10.91212272644043
25335,0.0,0.0006273977121759204,0.4432999999999999,4,1666898.5,24.12474822998047,6.812862873077393
25336,0.0,0.0006273977121759204,0.4432799999999999,3,1476433.75,23.913463592529297,3.1039583683013916
25337,0.0,0.0006273977121759204,0.4432599999999999,3,8986488.0,23.994709014892578,9.127573013305664
25338,0.0,0.0006085757808106427,0.44323999999999997,1,6251616.0,24.081043243408203,8.190357208251953
25339,0.0,0.0006024900230025363,0.44321999999999995,2,14833437.0,24.271385192871094,10.030864715576172
25340,0.0,0.0006506892248427392,0.4431999999999999,6,125596976.0,24.31577491760254,7.446734428405762
25341,0.0,0.0006441823325943119,0.4431799999999999,2,10165797.0,24.294757843017578,7.464029312133789
25342,0.0,0.0006377405092683687,0.4431599999999999,2,11087256.0,24.693092346191406,5.21726655960083
25343,0.0,0.000631363104175685,0.44313999999999987,2,189396432.0,24.884279251098633,8.72341537475586
25344,0.0,0.0005808540558416303,0.44311999999999996,0,1584834.375,25.068925857543945,6.588906764984131
25345,0.0,0.0005982796775168791,0.44309999999999994,5,8650566.0,25.25005531311035,5.0976409912109375
25346,0.0,0.0006162280678423855,0.4430799999999999,5,3799000.25,25.16613006591797,6.572181701660156
25347,0.0,0.0005977412258071139,0.4430599999999999,1,1808061.0,25.21872329711914,6.933489799499512
25348,0.0,0.0005499219277425449,0.4430399999999999,0,14819350.0,25.27433204650879,9.150619506835938
25349,0.0,0.0005334242699102685,0.44301999999999997,1,1897217.75,25.219385147094727,3.7854161262512207
25350,0.0,0.0005494269980075765,0.44299999999999995,5,138207936.0,25.02027702331543,9.006491661071777
25351,0.0,0.0005933811578481827,0.44297999999999993,6,2626178.0,24.591636657714844,13.1284818649292
25352,0.0,0.0005993149694266645,0.4429599999999999,4,5662073.0,24.275005340576172,8.563526153564453
25353,0.0,0.0006053081191209311,0.4429399999999999,4,3005528.25,24.16508674621582,6.909444808959961
25354,0.0,0.0006537327686506057,0.44291999999999987,6,221119.6875,24.05638313293457,5.386776924133301
25355,0.0,0.0006014341471585572,0.44289999999999996,0,7465846.0,23.9791259765625,8.656935691833496
25356,0.0,0.0006495488789312418,0.44287999999999994,6,31215444.0,24.230607986450195,5.150043487548828
25357,0.0,0.0005975849686167425,0.4428599999999999,0,1349620.75,24.273208618164062,4.536170482635498
25358,0.0,0.00060356081830291,0.4428399999999999,4,444627936.0,24.602676391601562,7.037712097167969
25359,0.0,0.0006216676428519973,0.4428199999999999,5,5790922.0,24.788114547729492,6.931195259094238
25360,0.0,0.0006403176721375573,0.44279999999999986,5,6401578.5,24.930877685546875,10.393746376037598
25361,0.0,0.000659527202301684,0.44277999999999995,5,1013225.875,25.065650939941406,8.629989624023438
25362,0.0,0.0006067650261175493,0.44275999999999993,0,3143428.0,25.19408416748047,7.718128204345703
25363,0.0,0.0005885620753340228,0.4427399999999999,1,5851733.5,25.31173324584961,6.294401168823242
25364,0.0,0.000594447696087363,0.4427199999999999,4,8273465.0,25.319040298461914,7.459885120391846
25365,0.0,0.000594447696087363,0.44269999999999987,3,5733880.0,25.288450241088867,2.4296562671661377
25366,0.0,0.0005885032191264894,0.44267999999999996,2,40905388.0,25.181381225585938,7.510369300842285
25367,0.0,0.0005414229615963703,0.44265999999999994,0,33168984.0,25.0781192779541,5.5558342933654785
25368,0.0,0.0005414229615963703,0.4426399999999999,3,105871056.0,24.962316513061523,5.3072123527526855
25369,0.0,0.0005414229615963703,0.4426199999999999,3,27232046.0,24.71957778930664,12.640274047851562
25370,0.0,0.0005414229615963703,0.4425999999999999,3,7593577.5,24.54192352294922,4.806605339050293
25371,0.0,0.0005414229615963703,0.44257999999999986,3,53554.6796875,24.36943244934082,8.698830604553223
25372,0.0,0.000546837191212334,0.44255999999999995,4,8662495.0,24.254697799682617,8.218688011169434
25373,0.0,0.0005523055631244574,0.44253999999999993,4,119645.8046875,24.130584716796875,8.480939865112305
25374,0.0,0.0005578286187557021,0.4425199999999999,4,2567087.0,24.116344451904297,4.883434295654297
25375,0.0,0.000541093760193031,0.4424999999999999,1,48267.0703125,24.143835067749023,8.877473831176758
25376,0.0,0.0005248609473872401,0.4424799999999999,1,147103200.0,24.24952507019043,5.1514997482299805
25377,0.0,0.0004828720715962609,0.44245999999999996,0,150927072.0,24.396202087402344,5.121649742126465
25378,0.0,0.00044424230586856005,0.44243999999999994,0,85446440.0,24.588199615478516,5.098260879516602
25379,0.0,0.00040870292139907525,0.4424199999999999,0,7164959.5,24.667871475219727,9.229216575622559
25380,0.0,0.00037600668768714927,0.4423999999999999,0,8059640.0,24.829641342163086,1.9445161819458008
25381,0.0,0.00037224662081027776,0.4423799999999999,2,160563504.0,24.983951568603516,1.3792200088500977
25382,0.0,0.00034246689114545553,0.44235999999999986,0,4217187.5,25.069005966186523,9.580739974975586
25383,0.0,0.0003458915600569101,0.44233999999999996,4,10769343.0,25.044004440307617,11.671375274658203
25384,0.0,0.00034935047565747923,0.44231999999999994,4,5004216.0,24.90312957763672,9.139665603637695
25385,0.0,0.00034585697090090445,0.4422999999999999,2,5507301.5,24.811298370361328,2.0238070487976074
25386,0.0,0.0003562326800279316,0.4422799999999999,5,59293448.0,24.744359970092773,6.843998908996582
25387,0.0,0.00036691966042876956,0.4422599999999999,5,14576001.0,24.632043838500977,2.405726671218872
25388,0.0,0.00035591207061590646,0.44223999999999997,1,110073728.0,24.609460830688477,4.9764909744262695
25389,0.0,0.00036658943273438366,0.44221999999999995,5,2338448.25,24.624591827392578,9.534266471862793
25390,0.0,0.0003959165873531344,0.4421999999999999,6,3849237.25,24.4631290435791,11.518926620483398
25391,0.0,0.0004275899143413852,0.4421799999999999,6,10376111.0,24.311134338378906,11.292583465576172
25392,0.0,0.0004275899143413852,0.4421599999999999,3,56872040.0,24.224071502685547,6.4609599113464355
25393,0.0,0.0004275899143413852,0.44213999999999987,3,36342380.0,24.252277374267578,6.590909957885742
25394,0.0,0.0004275899143413852,0.44211999999999996,3,54076028.0,24.321866989135742,5.854228496551514
25395,0.0,0.0004275899143413852,0.44209999999999994,3,1865568.75,24.428668975830078,8.143254280090332
25396,0.0,0.0004275899143413852,0.4420799999999999,3,1408583.25,24.533174514770508,5.672814846038818
25397,0.0,0.00042331401519797135,0.4420599999999999,2,6317229.0,24.66120719909668,5.8260111808776855
25398,0.0,0.00042331401519797135,0.4420399999999999,3,4175963.5,24.844844818115234,1.5832420587539673
25399,0.0,0.00042331401519797135,0.44201999999999997,3,16705825.0,25.077407836914062,1.6908786296844482
25400,0.0,0.0004275471553499511,0.44199999999999995,4,8069123.0,25.25858497619629,6.200324535369873
25401,0.0,0.0004318226269034506,0.44197999999999993,4,11976814.0,25.24049186706543,12.1942138671875
25402,0.0,0.0004361408531724851,0.4419599999999999,4,345553888.0,25.18696403503418,6.054862976074219
25403,0.0,0.0004012495849186863,0.4419399999999999,0,7258584.5,25.079252243041992,5.360422134399414
25404,0.0,0.0004132870724662469,0.44191999999999987,5,2687127.75,24.53615951538086,19.568960189819336
25405,0.0,0.00042568568464023434,0.44189999999999996,5,33830156.0,24.572185516357422,3.5101335048675537
25406,0.0,0.00042994254148663667,0.44187999999999994,4,12870340.0,24.438648223876953,7.323451519012451
25407,0.0,0.00046433794480556765,0.4418599999999999,6,179208800.0,24.390169143676758,5.364214897155762
25408,0.0,0.000501484980390013,0.4418399999999999,6,110785.1015625,24.508054733276367,4.375160217285156
25409,0.0,0.000501484980390013,0.4418199999999999,3,55030160.0,24.644906997680664,4.5520124435424805
25410,0.0,0.00048644043097831265,0.44179999999999986,1,1648082.125,24.57762336730957,5.1099772453308105
25411,0.0,0.000501033643907662,0.44177999999999995,5,1194473.0,24.290264129638672,9.480690002441406
25412,0.0,0.00046095095239504907,0.44175999999999993,0,11950233.0,24.078296661376953,5.542473316192627
25413,0.0,0.0004240748762034452,0.4417399999999999,0,11817677.0,23.596599578857422,9.109199523925781
25414,0.0,0.00043679712248954856,0.4417199999999999,5,7087825.5,23.198528289794922,7.1733198165893555
25415,4630614.860000003,0.0007160469935390543,0.44169999999999987,6,49465288.0,22.61416244506836,5.895151615142822
25416,3702686.6000000024,0.0007733307530221787,0.44167999999999996,6,9702306.0,17.372802734375,2.772820234298706
25417,3308674.490000002,0.0007810640605524005,0.44165999999999994,4,12655961.0,17.37383460998535,0.8571122288703918
25418,2767523.200000002,0.0008435491853965926,0.4416399999999999,6,5147015.5,17.374237060546875,7.67672872543335
25419,2293752.220000002,0.0008519846772505586,0.4416199999999999,4,18867820.0,17.373600006103516,17.51390838623047
25420,1170986.51,0.0008775442175680753,0.4415999999999999,5,200859344.0,17.372648239135742,6.226991176605225
25421,1000669.2999999999,0.0008073406801626293,0.44157999999999986,0,15217837.0,17.371644973754883,9.276376724243164
25422,616253.3199999995,0.0008315609005675081,0.44155999999999995,5,152307904.0,17.37089729309082,8.073613166809082
25423,529360.6899999995,0.0008565077275845334,0.44153999999999993,5,9550614.0,17.370132446289062,10.785224914550781
25424,347974.6599999993,0.0008822029594120694,0.4415199999999999,5,9342151.0,17.37008285522461,3.8079638481140137
25425,204705.39999999938,0.0009086690481944316,0.4414999999999999,5,5874428.5,17.370223999023438,7.943347454071045
25426,73621.31999999937,0.0008814089767485986,0.4414799999999999,1,17547686.0,17.370332717895508,9.836407661437988
25427,0.0,0.0009078512460510566,0.44145999999999996,5,53183864.0,17.371183395385742,5.789572715759277
25428,0.0,0.0008806157086695248,0.44143999999999994,1,336191744.0,17.372962951660156,4.515016555786133
25429,0.0,0.000854197237409439,0.4414199999999999,1,6210614.0,24.508441925048828,9.87829875946045
25430,0.0,0.0009225330164021942,0.4413999999999999,6,2281107.5,24.662076950073242,8.75190544128418
25431,0.0,0.00095020900689426,0.4413799999999999,5,42262596.0,24.48054313659668,3.0342788696289062
25432,0.0,0.000978715277101088,0.44135999999999986,5,7602945.5,24.636886596679688,9.275357246398926
25433,0.0,0.0010080767354141206,0.44133999999999995,5,343740480.0,24.650196075439453,9.048946380615234
25434,0.0,0.0010080767354141206,0.44131999999999993,3,78598320.0,24.675268173217773,4.590899467468262
25435,0.0,0.0010383190374765442,0.4412999999999999,5,21335804.0,24.771207809448242,2.847214937210083
25436,0.0,0.0010694686086008406,0.4412799999999999,5,15516994.0,24.650436401367188,5.626208305358887
25437,0.0,0.0009839111199127734,0.4412599999999999,0,58722828.0,24.627347946166992,5.728821277618408
25438,0.0,0.0010134284535101565,0.44123999999999997,5,4557969.5,24.86564064025879,2.6333844661712646
25439,0.0,0.0010235627380452582,0.44121999999999995,4,21277512.0,24.554243087768555,7.789764881134033
25440,0.0,0.0010542696201866159,0.4411999999999999,5,2339375.0,24.433998107910156,10.390204429626465
25441,0.0,0.0010858977087922143,0.4411799999999999,5,37566964.0,24.36357879638672,1.8297384977340698
25442,0.0,0.0011184746400559808,0.4411599999999999,5,4138009.5,24.277420043945312,8.726725578308105
25443,0.0,0.001107289893655421,0.44113999999999987,2,4520392.5,24.260473251342773,3.252490282058716
25444,0.0,0.0011183627925919753,0.44111999999999996,4,15848894.0,24.293842315673828,10.400501251220703
25445,0.0,0.001129546420517895,0.44109999999999994,4,25978412.0,24.168479919433594,8.819915771484375
25446,0.0,0.001163432813133432,0.4410799999999999,5,63674292.0,24.0537109375,13.379682540893555
25447,0.0,0.0011750671412647663,0.4410599999999999,4,13604985.0,24.027587890625,3.311297655105591
25448,0.0,0.0011398151270268233,0.4410399999999999,1,250527.859375,24.111331939697266,9.635154724121094
25449,0.0,0.0011398151270268233,0.44101999999999997,3,5993072.0,24.26668930053711,8.108453750610352
25450,0.0,0.001174009580837628,0.44099999999999995,5,355760704.0,24.240938186645508,7.853192329406738
25451,0.0,0.001138789293412499,0.4409799999999999,1,9368002.0,24.25547981262207,5.245253562927246
25452,0.0,0.001172952972214874,0.4409599999999999,5,3432911.0,24.468788146972656,4.605825424194336
25453,0.0,0.0012081415613813204,0.4409399999999999,5,178550912.0,24.430667877197266,11.129670143127441
25454,0.0,0.0012081415613813204,0.44091999999999987,3,7370256.0,24.48025131225586,7.312295913696289
25455,0.0,0.0011718973145398808,0.44089999999999996,1,1675665.625,24.623626708984375,1.5086523294448853
25456,0.0,0.001160178341394482,0.44087999999999994,2,353717.25,24.773635864257812,1.5655454397201538
25457,0.0,0.0010673640740829233,0.4408599999999999,0,22718072.0,24.878847122192383,6.123416900634766
25458,0.0,0.001056690433342094,0.4408399999999999,2,106360.9609375,25.02273178100586,6.2162675857543945
25459,0.0,0.0010249897203418311,0.4408199999999999,1,712109.125,25.1185245513916,3.2666573524475098
25460,0.0,0.0010557394119520861,0.44079999999999986,5,10236526.0,25.103384017944336,10.082733154296875
25461,0.0,0.001066296806071607,0.44077999999999995,4,387238.375,25.004215240478516,4.703246593475342
25462,0.0,0.0011516005505573356,0.44075999999999993,6,360323.78125,25.00043487548828,5.053587913513184
25463,0.0,0.0011861485670740558,0.4407399999999999,5,29830200.0,24.94608497619629,7.276763916015625
25464,0.0,0.0012810404524399804,0.4407199999999999,6,1392350.125,24.973682403564453,2.763784885406494
25465,0.0,0.0012682300479155805,0.44069999999999987,2,144090656.0,24.94881248474121,4.713995933532715
25466,0.0,0.001230183146478113,0.44067999999999996,1,4632657.0,24.937515258789062,5.69030237197876
25467,0.0,0.001242484977942894,0.44065999999999994,4,78885.6640625,24.87602424621582,7.281661033630371
25468,0.0,0.001254909827722323,0.4406399999999999,4,1862989.875,24.76382064819336,4.877012252807617
25469,0.0,0.0012674589259995463,0.4406199999999999,4,47133996.0,24.76604461669922,1.0499836206436157
25470,0.0,0.00136885564007951,0.4405999999999999,6,2669406.5,24.768510818481445,5.022888660430908
25471,0.0,0.0013825441964803052,0.44057999999999986,4,11087310.0,24.698429107666016,8.609966278076172
25472,0.0,0.001368718754515502,0.44055999999999995,2,7807508.0,24.720699310302734,5.4826202392578125
25473,0.0,0.001382405942060657,0.44053999999999993,4,54498292.0,24.709333419799805,4.401773452758789
25474,0.0,0.0013962300014812637,0.4405199999999999,4,6502559.0,24.60050392150879,5.717161178588867
25475,0.0,0.0013962300014812637,0.4404999999999999,3,12990348.0,24.494853973388672,5.812999248504639
25476,0.0,0.0013543431014368258,0.44047999999999987,1,334077408.0,24.436725616455078,8.67067813873291
25477,0.0,0.0013949733944799306,0.44045999999999996,5,10850763.0,24.45629119873047,5.454028129577637
25478,0.0,0.00140892312842473,0.44043999999999994,4,60126304.0,24.430768966674805,4.315004825592041
25479,0.0,0.0014511908222774718,0.4404199999999999,5,148712416.0,24.549175262451172,7.0515570640563965
25480,0.0,0.0014657027305002466,0.4403999999999999,4,488396.3125,24.637845993041992,4.293085098266602
25481,0.0,0.001509673812415254,0.4403799999999999,5,158959024.0,24.648908615112305,9.41701602935791
25482,0.0,0.0015549640267877116,0.44035999999999986,5,188472736.0,24.667312622070312,3.408980369567871
25483,0.0,0.001601612947591343,0.44033999999999995,5,750872.6875,24.70022964477539,3.7814972400665283
25484,0.0,0.0017297419833986504,0.44031999999999993,6,848832.6875,24.7589168548584,4.0408453941345215
25485,0.0,0.00178163424290061,0.4402999999999999,5,19553548.0,24.734214782714844,6.7355637550354
25486,0.0,0.0018350832701876283,0.4402799999999999,5,16837290.0,24.762958526611328,2.74774169921875
25487,0.0,0.0018901357682932572,0.4402599999999999,5,35495664.0,24.74907684326172,4.914331912994385
25488,0.0,0.0018901357682932572,0.44023999999999996,3,3677727.75,24.727609634399414,5.1507039070129395
25489,0.0,0.0018901357682932572,0.44021999999999994,3,9560364.0,24.754379272460938,4.599815368652344
25490,0.0,0.0018712344106103247,0.4401999999999999,2,364226272.0,24.725008010864258,6.620296478271484
25491,0.0,0.0018150973782920148,0.4401799999999999,1,742484.9375,24.645511627197266,8.532498359680176
25492,0.0,0.0018150973782920148,0.4401599999999999,3,6436607.5,24.499011993408203,9.065566062927246
25493,0.0,0.0016698895880286537,0.44013999999999986,0,12028511.0,24.4755859375,6.416175365447998
25494,0.0,0.0016865884839089402,0.44011999999999996,4,27333114.0,24.268537521362305,3.460871696472168
25495,0.0,0.0018215155626216555,0.44009999999999994,6,11949902.0,24.354637145996094,10.63532829284668
25496,0.0,0.0019672368076313882,0.4400799999999999,6,335970.46875,24.290796279907227,7.483958721160889
25497,0.0,0.0018098578630208772,0.4400599999999999,0,5303520.0,24.28333854675293,9.893838882446289
25498,0.0,0.0018098578630208772,0.4400399999999999,3,14476194.0,24.239574432373047,2.4563376903533936
25499,0.0,0.0018641535989115036,0.44001999999999997,5,3288715.0,24.51185417175293,9.836996078491211
25500,0.0,0.0017150213109985834,0.43999999999999995,0,10269282.0,24.72809600830078,6.287863731384277
25501,0.0,0.0018522230158784703,0.4399799999999999,6,1122873.125,24.525606155395508,8.37824535369873
25502,0.0,0.001796656325402116,0.4399599999999999,1,7964571.0,24.73688507080078,12.548288345336914
25503,0.0,0.0016529238193699468,0.4399399999999999,0,9913549.0,24.44921112060547,6.686130523681641
25504,0.0,0.0017025115339510454,0.43991999999999987,5,14281940.0,24.31814193725586,8.911240577697754
25505,0.0,0.001651436187932514,0.43989999999999996,1,56783196.0,24.087751388549805,6.876565933227539
25506,0.0,0.0016679505498118391,0.43987999999999994,4,300251488.0,23.55174446105957,7.881371974945068
25507,4168410.439999993,0.0005070879802828654,0.4398599999999999,6,4938404.5,17.395212173461914,9.56136417388916
25508,2417393.689999992,0.0005476550187054947,0.4398399999999999,6,43961228.0,17.395769119262695,2.131140947341919
25509,1323419.8699999917,0.0005914674202019343,0.4398199999999999,6,33426112.0,17.396997451782227,4.28960657119751
25510,448125.57999999356,0.0005441500265857796,0.43979999999999997,0,114811808.0,17.398441314697266,4.998538970947266
25511,0.0,0.0005006180244589172,0.43977999999999995,0,17823458.0,17.399547576904297,8.135688781738281
25512,0.0,0.0005156365651926847,0.43975999999999993,5,220259872.0,17.40094757080078,2.56772518157959
25513,0.0,0.00047438563997727,0.4397399999999999,0,27243058.0,23.980514526367188,8.383366584777832
25514,0.0,0.000488617209176588,0.4397199999999999,5,5126788.0,23.376617431640625,12.689432144165039
25515,0.0,0.0004837310370848222,0.43969999999999987,2,1708440.5,24.823789596557617,6.381113529205322
25516,0.0,0.000478893726713974,0.43967999999999996,2,134855344.0,24.95404815673828,14.019530296325684
25517,0.0,0.0004741047894468342,0.43965999999999994,2,740259.375,24.74176025390625,3.167330265045166
25518,0.0,0.00047884583734130256,0.4396399999999999,4,5830679.0,24.58873748779297,4.370804786682129
25519,0.0,0.00047884583734130256,0.4396199999999999,3,1092119.5,24.20928955078125,9.492843627929688
25520,0.0,0.00047884583734130256,0.4395999999999999,3,348868000.0,24.162473678588867,5.875964641571045
25521,0.0,0.0004740573789678895,0.43957999999999986,2,2795841.75,24.12639617919922,5.71809720993042
25522,0.0,0.0004787979527575684,0.43955999999999995,4,42696872.0,24.160781860351562,10.042427062988281
25523,0.0,0.0004835859322851441,0.43953999999999993,4,207071360.0,24.05625343322754,7.632828712463379
25524,0.0,0.0004835859322851441,0.4395199999999999,3,12011225.0,24.187883377075195,2.583500385284424
25525,0.0,0.0004884217916079955,0.4394999999999999,4,2892276.5,24.397361755371094,5.629879951477051
25526,0.0,0.0004835375736919155,0.43947999999999987,2,8474484.0,24.627588272094727,3.231447458267212
25527,0.0,0.0005222205795872688,0.43945999999999996,6,18606192.0,25.007095336914062,6.461846351623535
25528,0.0,0.0005274427853831415,0.43943999999999994,4,4492184.5,24.9875431060791,5.709454536437988
25529,0.0,0.0005696382082137928,0.4394199999999999,6,10808716.0,25.105194091796875,7.31782865524292
25530,0.0,0.0005639418261316548,0.4393999999999999,2,5133322.0,25.005786895751953,4.757404327392578
25531,0.0,0.0006090571722221872,0.4393799999999999,6,19723010.0,25.115623474121094,5.6456403732299805
25532,0.0,0.0006577817459999623,0.43935999999999986,6,16640513.0,24.841718673706055,8.841193199157715
25533,0.0,0.0006775151983799612,0.43933999999999995,5,18814336.0,24.752384185791016,7.8109025955200195
25534,0.0,0.0006775151983799612,0.43931999999999993,3,8012825.0,24.725807189941406,2.615319013595581
25535,0.0,0.0006571897424285623,0.4392999999999999,1,1922547.25,24.739919662475586,4.826369762420654
25536,0.0,0.0006374740501557054,0.4392799999999999,1,10567912.0,24.736848831176758,7.2704854011535645
25537,0.0,0.0006310993096541483,0.4392599999999999,2,1389235.375,24.679813385009766,6.841984272003174
25538,0.0,0.0006121663303645239,0.43923999999999996,1,9229305.0,24.610153198242188,4.188920497894287
25539,0.0,0.0006060446670608786,0.43921999999999994,2,226574.640625,24.65438461303711,4.279356002807617
25540,0.0,0.0006545282404257489,0.4391999999999999,6,958895.875,24.553178787231445,9.400111198425293
25541,0.0,0.0006479829580214914,0.4391799999999999,2,42563016.0,24.393896102905273,6.469149589538574
25542,0.0,0.0005961443213797721,0.4391599999999999,0,190305520.0,24.656709671020508,1.6889901161193848
25543,0.0,0.0006140286510211653,0.43913999999999986,5,16476706.0,24.887685775756836,3.329573154449463
25544,0.0,0.0005649063589394721,0.43911999999999995,0,29236366.0,24.83771324157715,4.951357841491699
25545,0.0,0.0005197138502243143,0.43909999999999993,0,29725112.0,25.077699661254883,7.9566545486450195
25546,0.0,0.0005041224347175849,0.4390799999999999,1,3611344.25,25.1385555267334,5.8149824142456055
25547,0.0,0.0005444522294949918,0.4390599999999999,6,9376356.0,25.1721248626709,4.00396728515625
25548,0.0,0.0005390077072000418,0.4390399999999999,2,14480518.0,24.954971313476562,14.035948753356934
25549,0.0,0.0004958870906240384,0.43901999999999997,0,7785665.0,24.905059814453125,5.938061714172363
25550,0.0,0.0005008459615302788,0.43899999999999995,4,352984.78125,24.81606674194336,3.8151769638061523
25551,0.0,0.0004607782846078565,0.4389799999999999,0,173949168.0,24.64019203186035,9.685091972351074
25552,0.0,0.000423916021839228,0.4389599999999999,0,25297678.0,24.55449867248535,12.802389144897461
25553,0.0,0.00045782930358636626,0.4389399999999999,6,19720910.0,24.51099395751953,5.610961437225342
25554,0.0,0.0004440944244787753,0.43891999999999987,1,802367.5,24.31704330444336,13.817879676818848
25555,0.0,0.00047962197843707735,0.43889999999999996,6,318428.75,24.416776657104492,2.210672378540039
25556,0.0,0.0004940106377901897,0.43887999999999994,5,8642662.0,24.468841552734375,3.262361526489258
25557,0.0,0.0004989507441680916,0.4388599999999999,4,4173326.25,24.615352630615234,5.946800708770752
25558,0.0,0.0004989507441680916,0.4388399999999999,3,5429707.0,24.802419662475586,1.844735860824585
25559,0.0,0.0005139192664931344,0.4388199999999999,5,181663408.0,24.977869033813477,5.182041168212891
25560,0.0,0.0005293368444879284,0.43879999999999997,5,26068452.0,25.09910011291504,4.055857181549072
25561,0.0,0.0005716837920469628,0.43877999999999995,6,348985600.0,25.1303653717041,6.380454063415527
25562,0.0,0.0005716837920469628,0.43875999999999993,3,1270119.75,25.0570011138916,6.715373992919922
25563,0.0,0.0005259490886832058,0.4387399999999999,0,59042296.0,25.00236701965332,3.094003915786743
25564,0.0,0.0005259490886832058,0.4387199999999999,3,60435520.0,24.875320434570312,7.264632225036621
25565,0.0,0.0005259490886832058,0.43869999999999987,3,61812988.0,24.59112548828125,6.72407341003418
25566,0.0,0.000541727561343702,0.43867999999999996,5,65891220.0,24.416704177856445,3.466378927230835
25567,0.0,0.000541727561343702,0.43865999999999994,3,7274859.0,24.38628578186035,2.518326759338379
25568,0.0,0.000541727561343702,0.4386399999999999,3,797740.8125,24.54814910888672,2.409106492996216
25569,0.0,0.000541727561343702,0.4386199999999999,3,170564880.0,24.666086196899414,8.119390487670898
25570,0.0,0.000541727561343702,0.4385999999999999,3,38467012.0,24.798316955566406,12.270442962646484
25571,0.0,0.000541727561343702,0.43857999999999986,3,11654617.0,24.93998146057129,2.912947177886963
25572,0.0,0.000557979388184013,0.43855999999999995,5,1712474.125,24.93806266784668,9.185884475708008
25573,0.0,0.0005635591820658532,0.43853999999999993,4,342484480.0,24.840679168701172,6.279539108276367
25574,0.0,0.0005804659575278288,0.4385199999999999,5,341343264.0,24.645944595336914,11.15283203125
25575,0.0,0.0006269032341300551,0.4384999999999999,6,815661.875,24.530771255493164,3.648162603378296
25576,0.0,0.0006457103311539568,0.43847999999999987,5,165995616.0,24.400896072387695,5.667693614959717
25577,0.0,0.0006973671576462734,0.43845999999999996,6,14153144.0,24.323381423950195,5.228473663330078
25578,0.0,0.0006903934860698107,0.43843999999999994,2,4009410.5,24.320430755615234,3.253368616104126
25579,0.0,0.0007456249649553956,0.4384199999999999,6,42254760.0,24.480382919311523,3.331144094467163
25580,0.0,0.0007381687153058417,0.4383999999999999,2,19722008.0,24.581661224365234,4.632354736328125
25581,0.0,0.0007972222125303091,0.4383799999999999,6,8010443.0,24.843313217163086,4.009185791015625
25582,0.0,0.0008051944346556122,0.43835999999999986,4,6686916.0,24.965896606445312,5.137552261352539
25583,0.0,0.0008293502676952806,0.43833999999999995,5,23524212.0,25.16704559326172,1.5914794206619263
25584,0.0,0.0008956982891109031,0.43831999999999993,6,2344766.0,25.144214630126953,9.348474502563477
25585,0.0,0.0009673541522397754,0.4382999999999999,6,46224068.0,24.934669494628906,10.536788940429688
25586,0.0,0.0009673541522397754,0.4382799999999999,3,32870656.0,24.62672996520996,8.005813598632812
25587,0.0,0.0010447424844189574,0.43825999999999987,6,10179796.0,24.33263397216797,4.881399631500244
25588,0.0,0.0010342950595747678,0.43823999999999996,2,17817660.0,24.088228225708008,8.202638626098633
25589,0.0,0.0010446380101705155,0.43821999999999994,4,5630769.5,23.708656311035156,11.8972749710083
25590,0.0,0.001075977150475631,0.4381999999999999,5,19562384.0,23.641693115234375,5.997158050537109
25591,0.0,0.0009898989784375804,0.4381799999999999,0,6139586.0,23.68115234375,4.23382568359375
25592,0.0,0.0009898989784375804,0.4381599999999999,3,81809.203125,23.5177001953125,10.81564712524414
25593,0.0,0.0009997979682219561,0.43813999999999986,4,8770955.0,23.944669723510742,6.601193428039551
25594,0.0,0.0010097959479041757,0.43811999999999995,4,315476864.0,24.362106323242188,5.436180591583252
25595,0.0,0.0010905796237365099,0.43809999999999993,6,28368612.0,24.62774085998535,11.565942764282227
25596,0.0,0.001101485419973875,0.4380799999999999,4,81728.6953125,24.944435119628906,6.086301803588867
25597,0.0,0.0011345299825730913,0.4380599999999999,5,319615424.0,24.911128997802734,1.0843958854675293
25598,0.0,0.0011458752823988222,0.4380399999999999,4,5315206.0,24.633811950683594,10.748196601867676
25599,0.0,0.001237545304990728,0.43801999999999996,6,27589348.0,24.042789459228516,11.229358673095703
25600,0.0,0.001237545304990728,0.43799999999999994,3,12919705.0,23.510639190673828,7.46759033203125
25601,0.0,0.0012746716641404499,0.4379799999999999,5,72560872.0,22.74988555908203,12.982002258300781
25602,2928391.669999987,0.000546821465338287,0.4379599999999999,6,27855688.0,22.100181579589844,5.668025970458984
25603,2322289.7899999875,0.00059056718256535,0.4379399999999999,6,12739431.0,17.42729949951172,2.016878128051758
25604,886614.1399999859,0.0006082841980423105,0.43791999999999986,5,3381440.0,17.427879333496094,6.885263919830322
25605,631912.9499999858,0.0006022013560618873,0.43789999999999996,2,8256906.5,17.429182052612305,5.7395148277282715
25606,0.0,0.000620267396743744,0.43787999999999994,5,3075028.25,17.430410385131836,7.047607421875
25607,0.0,0.000620267396743744,0.4378599999999999,3,11086166.0,17.43155860900879,4.713640213012695
25608,0.0,0.0006016593748414316,0.4378399999999999,1,2464497.25,23.707759857177734,7.937442302703857
25609,0.0,0.0006016593748414316,0.4378199999999999,3,8936829.0,23.890348434448242,3.3404147624969482
25610,0.0,0.0006197091560866746,0.43779999999999997,5,14832539.0,24.894851684570312,12.614980697631836
25611,0.0,0.0006011178814040744,0.43777999999999995,1,196334880.0,24.691293716430664,15.273783683776855
25612,0.0,0.0005830843449619521,0.4377599999999999,1,3828972.5,24.82625961303711,5.444636344909668
25613,0.0,0.0006005768753108107,0.4377399999999999,5,141453584.0,24.82244300842285,3.6756927967071533
25614,0.0,0.0005825595690514863,0.4377199999999999,1,125723.53125,24.519208908081055,2.3360671997070312
25615,0.0,0.0005359548035273674,0.43769999999999987,0,316292416.0,24.81715202331543,6.964010715484619
25616,0.0,0.0005413143515626411,0.43767999999999996,4,8579507.0,24.838953018188477,9.875235557556152
25617,0.0,0.0005250749210157619,0.43765999999999994,1,3700032.75,24.52435874938965,3.8549795150756836
25618,0.0,0.000509322673385289,0.4376399999999999,1,5883040.0,24.6737117767334,12.922616004943848
25619,0.0,0.0004940429931837303,0.4376199999999999,1,19159020.0,24.639808654785156,6.067184925079346
25620,0.0,0.0005335664326384288,0.4375999999999999,6,52709452.0,24.66219139099121,2.9938206672668457
25621,0.0,0.0005495734256175817,0.43757999999999997,5,156359184.0,24.3794002532959,9.045136451721191
25622,0.0,0.0005935392996669883,0.43755999999999995,6,272299.15625,24.428592681884766,4.583305358886719
25623,0.0,0.0005876039066703184,0.43753999999999993,2,1639519.5,24.44879150390625,3.0658323764801025
25624,0.0,0.0005876039066703184,0.4375199999999999,3,2675062.25,24.7126522064209,7.470339775085449
25625,0.0,0.0005876039066703184,0.4374999999999999,3,10464140.0,24.732723236083984,8.549911499023438
25626,0.0,0.0006346122192039438,0.43747999999999987,6,4176238.5,24.7451171875,7.069785118103027
25627,0.0,0.0006346122192039438,0.43745999999999996,3,17559256.0,24.62322998046875,6.460328102111816
25628,0.0,0.0006346122192039438,0.43743999999999994,3,5338099.0,24.715423583984375,4.702493667602539
25629,0.0,0.0006346122192039438,0.4374199999999999,3,64756284.0,24.708728790283203,4.51240348815918
25630,0.0,0.0006536505857800621,0.4373999999999999,5,4012942.0,24.752050399780273,1.1096373796463013
25631,0.0,0.0006536505857800621,0.4373799999999999,3,10786100.0,24.7689151763916,3.4576258659362793
25632,0.0,0.0006601870916378628,0.43735999999999986,4,26422976.0,24.922874450683594,7.272261619567871
25633,0.0,0.0006535852207214841,0.43733999999999995,2,7264684.5,24.900876998901367,6.819185256958008
25634,0.0,0.0006339776640998396,0.43731999999999993,1,7605627.5,24.80184555053711,19.552261352539062
25635,0.0,0.0006276378874588411,0.4372999999999999,2,6309086.5,24.667503356933594,5.229275226593018
25636,0.0,0.0006339142663334296,0.4372799999999999,4,40297300.0,24.464595794677734,6.4972686767578125
25637,0.0,0.0006148968383434267,0.43725999999999987,1,208568960.0,24.318899154663086,4.892250061035156
25638,0.0,0.0005964499331931239,0.43723999999999996,1,18199530.0,24.408790588378906,4.495943069458008
25639,0.0,0.0005785564351973301,0.43721999999999994,1,542989.25,24.433141708374023,5.5036211013793945
25640,0.0,0.00059591312825325,0.4371999999999999,5,5997301.5,24.52482795715332,7.56758975982666
25641,0.0,0.0005780357344056525,0.4371799999999999,1,19945448.0,24.618270874023438,6.759894371032715
25642,0.0,0.0005606946623734829,0.4371599999999999,1,70134.09375,24.93587303161621,1.1419316530227661
25643,0.0,0.0005438738225022785,0.43713999999999986,1,168086560.0,25.190471649169922,4.894432544708252
25644,0.0,0.0005601900371773468,0.43711999999999995,5,5143875.5,25.403553009033203,4.30604362487793
25645,0.0,0.0005601900371773468,0.43709999999999993,3,4448169.5,25.52197265625,3.1662983894348145
25646,0.0,0.0005153748342031591,0.4370799999999999,0,17427114.0,25.59954833984375,5.311222076416016
25647,0.0,0.0004741448474669064,0.4370599999999999,0,298968.9375,25.555479049682617,4.842825889587402
25648,0.0,0.0004599205020428992,0.4370399999999999,1,80156440.0,25.47509765625,6.886596202850342
25649,0.0,0.0004553212970224702,0.43701999999999996,2,26894112.0,25.366443634033203,6.4532952308654785
25650,0.0,0.0004188955932606726,0.43699999999999994,0,129184.5703125,25.193485260009766,7.596066474914551
25651,0.0,0.00038538394579981883,0.4369799999999999,0,67876992.0,24.96884536743164,8.67330551147461
25652,0.0,0.0003545532301358333,0.4369599999999999,0,1041959.4375,24.750930786132812,7.359246253967285
25653,0.0,0.00035100769783447496,0.4369399999999999,2,2403971.0,24.550098419189453,6.163864612579346
25654,0.0,0.000322927082007717,0.43691999999999986,0,4858767.5,24.45005989074707,2.5397374629974365
25655,0.0,0.00029709291544709963,0.43689999999999996,0,10509650.0,24.453746795654297,4.580355644226074
25656,0.0,0.00027332548221133167,0.43687999999999994,0,2016919.25,24.53508186340332,5.4977192878723145
25657,0.0,0.00027332548221133167,0.4368599999999999,3,19430800.0,24.606422424316406,9.035603523254395
25658,0.0,0.000276058737033445,0.4368399999999999,4,4419510.5,24.656646728515625,5.79225492477417
25659,0.0,0.00026777697492244166,0.4368199999999999,1,48884.8125,24.73403549194336,5.283918857574463
25660,0.0,0.00027581028417011493,0.43679999999999997,5,459846.75,24.75370216369629,9.801892280578613
25661,0.0,0.00029787510690372417,0.43677999999999995,6,15373240.0,24.612560272216797,12.040426254272461
25662,0.0,0.00027404509835142623,0.4367599999999999,0,12277494.0,24.51463508605957,5.389145374298096
25663,0.0,0.0002658237454008834,0.4367399999999999,1,37519396.0,24.510080337524414,7.289741516113281
25664,0.0,0.00024455784576881274,0.4367199999999999,0,39501368.0,24.53371238708496,3.372817039489746
25665,0.0,0.00023722111039574834,0.43669999999999987,1,424736352.0,24.580608367919922,9.017912864685059
25666,0.0,0.00023722111039574834,0.43667999999999996,3,22298196.0,24.58675765991211,5.546506881713867
25667,0.0,0.0002443377437076208,0.43665999999999994,5,9794771.0,24.449878692626953,15.280930519104004
25668,0.0,0.00024189436627054459,0.4366399999999999,2,178916128.0,24.312942504882812,6.666254043579102
25669,0.0,0.00022254281696890103,0.4366199999999999,0,7314863.5,24.23850440979004,9.16904354095459
25670,0.0,0.00022921910147796805,0.4365999999999999,5,3957342.0,24.24085235595703,4.907933235168457
25671,0.0,0.00021088157335973063,0.43657999999999997,0,12485648.0,24.194074630737305,3.90556001663208
25672,0.0,0.00021720802056052256,0.43655999999999995,5,15462875.0,24.304336547851562,8.455809593200684
25673,0.0,0.00019983137891568077,0.43653999999999993,0,2133635.25,24.38607406616211,5.6979079246521
25674,0.0,0.00018384486860242632,0.4365199999999999,0,6636553.0,24.619735717773438,6.739710330963135
25675,0.0,0.00016913727911423222,0.4364999999999999,0,13940163.0,24.716182708740234,7.072085380554199
25676,0.0,0.0001826682614433708,0.43647999999999987,6,6527148.0,24.853530883789062,4.168149948120117
25677,0.0,0.00017718821360006968,0.43645999999999996,1,68944.4375,25.05182647705078,2.5738089084625244
25678,0.0,0.00018250386000807177,0.43643999999999994,5,3502581.25,25.250164031982422,4.762957572937012
25679,0.0,0.00018432889860815248,0.4364199999999999,4,4658689.0,25.371259689331055,1.5742871761322021
25680,0.0,0.00018985876556639706,0.4363999999999999,5,164007712.0,25.490989685058594,3.7078144550323486
25681,0.0,0.00019555452853338898,0.4363799999999999,5,597209.625,25.42855453491211,8.41772747039795
25682,0.0,0.0001896878926773873,0.43635999999999986,1,8354073.5,25.325170516967773,4.744791507720947
25683,0.0,0.00019537852945770892,0.43633999999999995,5,7508039.5,25.092985153198242,5.070032596588135
25684,0.0,0.0002012398853414402,0.43631999999999993,5,88616424.0,25.09257698059082,2.2147390842437744
25685,0.0,0.00018514069451412498,0.4362999999999999,0,2993395.0,24.889968872070312,7.574301242828369
25686,0.0,0.00018699210145926623,0.4362799999999999,4,13468851.0,24.45426368713379,8.680512428283691
25687,0.0,0.00018699210145926623,0.43625999999999987,3,3102294.25,24.399686813354492,9.685135841369629
25688,0.0,0.00018699210145926623,0.43623999999999996,3,26388486.0,24.08064079284668,10.281256675720215
25689,0.0,0.00020195146957600755,0.43621999999999994,6,13192302.0,23.963695526123047,3.352553606033325
25690,0.0,0.00020195146957600755,0.4361999999999999,3,2278083.75,24.02716064453125,5.412036895751953
25691,0.0,0.00020801001366328777,0.4361799999999999,5,5887010.0,23.92653465270996,16.453685760498047
25692,0.0,0.00020801001366328777,0.4361599999999999,3,115205.1640625,23.968154907226562,6.9673638343811035
25693,0.0,0.00020801001366328777,0.43613999999999986,3,30174644.0,23.84579086303711,5.304817199707031
25694,0.0,0.00019136921257022476,0.43611999999999995,0,6827167.0,23.748796463012695,5.9467854499816895
25695,0.0,0.00020667874957584276,0.43609999999999993,6,5076181.5,23.5443058013916,4.012988090515137
25696,4961987.440000007,0.0005528798991053885,0.4360799999999999,1,5810841.5,23.155109405517578,10.008641242980957
25697,3472431.740000006,0.0005362935021322268,0.4360599999999999,1,423014.625,17.473140716552734,1.341796636581421
25698,2223686.090000002,0.0005416564371535491,0.43603999999999987,4,165651376.0,17.474123001098633,1.377839207649231
25699,0.0,0.0005579061302681556,0.43601999999999996,5,1242292.75,17.473485946655273,11.116681098937988
25700,0.0,0.0005634851915708372,0.43599999999999994,4,81669.171875,17.472084045410156,13.977649688720703
25701,0.0,0.0005691200434865455,0.4359799999999999,4,33296314.0,23.68585968017578,7.9559407234191895
25702,0.0,0.000574811243921411,0.4359599999999999,4,18789.3125,23.869470596313477,8.706573486328125
25703,0.0,0.0005805593563606252,0.4359399999999999,4,1351213.125,24.110843658447266,4.09498405456543
25704,0.0,0.0005863649499242314,0.43591999999999986,4,4700830.5,24.18597412109375,8.220817565917969
25705,0.0,0.0005922285994234737,0.43589999999999995,4,6868609.5,24.137920379638672,3.139878034591675
25706,0.0,0.0005981508854177084,0.43587999999999993,4,13733608.0,24.1463623046875,6.9407267570495605
25707,0.0,0.0005981508854177084,0.4358599999999999,3,1356497.875,24.206146240234375,6.501956462860107
25708,0.0,0.0006041323942718855,0.4358399999999999,4,76647984.0,24.475574493408203,6.374542236328125
25709,0.0,0.0006222563661000421,0.4358199999999999,5,20581086.0,24.642013549804688,5.604834079742432
25710,0.0,0.0006409240570830433,0.43579999999999997,5,166944192.0,24.839275360107422,8.363676071166992
25711,0.0,0.0006345148165122129,0.43577999999999995,2,2035987.375,25.046154022216797,4.370039463043213
25712,0.0,0.000640859964677335,0.4357599999999999,4,18480906.0,25.56520652770996,4.581798076629639
25713,0.0,0.0006921287618515218,0.4357399999999999,6,1853080.25,25.5230655670166,6.276926517486572
25714,0.0,0.0006713648989959761,0.4357199999999999,1,176679872.0,25.389070510864258,8.029619216918945
25715,0.0,0.0006915058459658554,0.43569999999999987,5,6831091.5,25.556066513061523,9.69317626953125
25716,0.0,0.000746826313643124,0.43567999999999996,6,1366495.875,24.860580444335938,16.65304946899414
25717,0.0,0.0007692311030524177,0.43565999999999994,5,68255088.0,24.422571182250977,7.518017768859863
25718,0.0,0.0007692311030524177,0.4356399999999999,3,4193675.25,24.135305404663086,7.337277889251709
25719,0.0,0.0007923080361439903,0.4356199999999999,5,8084945.0,24.013408660888672,4.336426258087158
25720,0.0,0.00081607727722831,0.4355999999999999,5,20235414.0,23.843120574951172,3.574620246887207
25721,0.0,0.0007507910950500452,0.43557999999999997,0,2113932.25,23.819124221801758,7.309449195861816
25722,0.0,0.0007582990060005457,0.43555999999999995,4,9604068.0,24.131105422973633,5.051666259765625
25723,0.0,0.000781047976180562,0.4355399999999999,5,4377770.0,24.101821899414062,9.456380844116211
25724,0.0,0.000843531814275007,0.4355199999999999,6,22191336.0,24.168283462524414,9.782830238342285
25725,0.0,0.0008182258598467568,0.4354999999999999,1,163552.140625,24.300151824951172,4.339898109436035
25726,0.0,0.0008264081184452244,0.43547999999999987,4,1416002.375,24.72846794128418,6.093442916870117
25727,0.0,0.0008181440372607721,0.43545999999999996,2,7824968.0,24.860326766967773,3.621155023574829
25728,0.0,0.0008263254776333798,0.43543999999999994,4,10637241.0,25.1077823638916,7.174216270446777
25729,0.0,0.0008345887324097136,0.4354199999999999,4,330859.4375,24.93343734741211,19.349153518676758
25730,0.0,0.0008429346197338108,0.4353999999999999,4,173213664.0,24.746719360351562,11.277261734008789
25731,0.0,0.0008513639659311489,0.4353799999999999,4,672508416.0,24.598880767822266,3.880889654159546
25732,0.0,0.0008428503262718375,0.43535999999999986,2,14111373.0,24.35936164855957,12.462882041931152
25733,0.0,0.0008512788295345559,0.43533999999999995,4,48159472.0,24.230173110961914,5.016093730926514
25734,0.0,0.0008597916178299014,0.43531999999999993,4,760730.75,24.106884002685547,3.2802882194519043
25735,0.0,0.0007910082884035094,0.4352999999999999,0,8686959.0,24.234601974487305,3.6294822692871094
25736,0.0,0.0007277276253312286,0.4352799999999999,0,6624156.5,24.427078247070312,7.434535503387451
25737,0.0,0.0006695094153047304,0.43525999999999987,0,22137294.0,24.56510353088379,4.87150239944458
25738,0.0,0.000615948662080352,0.43523999999999996,0,25767040.0,24.727413177490234,5.931119918823242
25739,0.0,0.000615948662080352,0.43521999999999994,3,18013364.0,24.906761169433594,3.326920509338379
25740,0.0,0.000615948662080352,0.4351999999999999,3,16080608.0,25.065250396728516,3.5213961601257324
25741,0.0,0.0005974702022179414,0.4351799999999999,1,154202.71875,25.18100357055664,6.941284656524658
25742,0.0,0.0006452678183953768,0.4351599999999999,6,5897154.5,25.348047256469727,0.5561813712120056
25743,0.0,0.0005936463929237467,0.43513999999999986,0,8065930.0,25.376474380493164,4.795844078063965
25744,0.0,0.0005758370011360342,0.43511999999999995,1,10137866.0,25.27469825744629,12.610153198242188
25745,0.0,0.0005931121111701152,0.43509999999999993,5,3085198.0,25.087352752685547,9.572073936462402
25746,0.0,0.0006109054745052187,0.4350799999999999,5,10271804.0,24.912492752075195,2.4075727462768555
25747,0.0,0.0006292326387403752,0.4350599999999999,5,355464.03125,24.69961929321289,9.911983489990234
25748,0.0,0.0006795712498396053,0.43503999999999987,6,58233292.0,24.52435874938965,4.217187881469727
25749,0.0,0.0007339369498267738,0.43501999999999996,6,13265998.0,24.413785934448242,6.332138538360596
25750,0.0,0.0007559550583215771,0.43499999999999994,5,17325026.0,24.305011749267578,6.362895965576172
25751,0.0,0.0007786337100712244,0.4349799999999999,5,205492992.0,24.198532104492188,5.726227760314941
25752,0.0,0.0007552746987690876,0.4349599999999999,1,103640728.0,24.137285232543945,3.2197940349578857
25753,0.0,0.0007628274457567785,0.4349399999999999,4,13431895.0,24.136600494384766,7.693120002746582
25754,0.0,0.0007551991712992107,0.43491999999999986,2,4498784.5,24.106590270996094,5.794036388397217
25755,0.0,0.000777855146438187,0.43489999999999995,5,10144167.0,24.153873443603516,9.135025978088379
25756,0.0,0.0007700765949738051,0.43487999999999993,2,18349492.0,24.238643646240234,1.9582382440567017
25757,0.0,0.0008316827225717095,0.4348599999999999,6,59591852.0,24.392515182495117,5.174708366394043
25758,0.0,0.0008233658953459924,0.4348399999999999,2,2122238.5,24.460289001464844,7.8688201904296875
25759,0.0,0.0007574966237183131,0.4348199999999999,0,63172392.0,24.480201721191406,7.280218601226807
25760,0.0,0.0007650715899554962,0.43479999999999996,4,68585952.0,24.448850631713867,6.2274041175842285
25761,0.0,0.0007727223058550512,0.43477999999999994,4,2987937.75,24.319841384887695,6.978360176086426
25762,0.0,0.0007495406366793997,0.4347599999999999,1,48188656.0,24.225669860839844,5.742432117462158
25763,0.0,0.0008095038876137516,0.4347399999999999,6,1869169.75,24.22195053100586,8.079439163208008
25764,0.0,0.0008175989264898891,0.4347199999999999,4,11715789.0,24.08849334716797,3.6312739849090576
25765,0.0,0.0007930709586951925,0.43469999999999986,1,140167616.0,24.141603469848633,4.436537742614746
25766,0.0,0.0008565166353908079,0.43467999999999996,6,7205718.0,24.34386444091797,2.899561882019043
25767,0.0,0.0008308211363290836,0.43465999999999994,1,17908588.0,24.43716812133789,4.428587436676025
25768,0.0,0.000805896502239211,0.4346399999999999,1,2705475.0,24.648818969726562,8.779295921325684
25769,0.0,0.0008300733973063874,0.4346199999999999,5,43115488.0,24.59200668334961,17.0841064453125
25770,0.0,0.0008051711953871957,0.4345999999999999,1,84538040.0,24.437835693359375,7.595531463623047
25771,0.0,0.0008293263312488116,0.43457999999999997,5,35168120.0,24.37030029296875,6.5258259773254395
25772,0.0,0.000854206121186276,0.43455999999999995,5,5588071.0,24.291921615600586,6.8880720138549805
25773,0.0,0.0008456640599744132,0.4345399999999999,2,17927924.0,24.239328384399414,9.873417854309082
25774,0.0,0.0008372074193746691,0.4345199999999999,2,2317313.0,24.336685180664062,3.6574666500091553
25775,0.0,0.000812091196793429,0.4344999999999999,1,206042336.0,24.358762741088867,10.063050270080566
25776,0.0,0.0008039702848254948,0.43447999999999987,2,835681.875,24.319154739379883,10.956711769104004
25777,0.0,0.0008280893933702596,0.43445999999999996,5,8352571.0,24.471328735351562,5.314577579498291
25778,0.0,0.0008280893933702596,0.43443999999999994,3,76872832.0,24.7254695892334,3.5133891105651855
25779,0.0,0.0008032467115691518,0.4344199999999999,1,3700611.75,24.882400512695312,6.873956203460693
25780,0.0,0.0008032467115691518,0.4343999999999999,3,166458384.0,24.964096069335938,6.502682209014893
25781,0.0,0.0007952142444534602,0.4343799999999999,2,8854356.0,25.225505828857422,3.065728187561035
25782,0.0,0.0007952142444534602,0.43435999999999997,3,5294404.5,25.257686614990234,8.566774368286133
25783,0.0,0.0007952142444534602,0.43433999999999995,3,26028940.0,25.32076072692871,6.314057350158691
25784,0.0,0.0007952142444534602,0.43431999999999993,3,6606077.5,25.22054100036621,6.721848487854004
25785,0.0,0.0007952142444534602,0.4342999999999999,3,12802.07421875,25.0732479095459,4.969801425933838
25786,0.0,0.0007952142444534602,0.4342799999999999,3,8482614.0,24.95008087158203,4.5600266456604
25787,4856430.770000009,0.0005875926105430873,0.43425999999999987,4,169024896.0,24.640174865722656,3.5784215927124023
25788,3423526.9400000107,0.0005875926105430873,0.43423999999999996,3,16571321.0,17.492233276367188,8.26954174041748
25789,3027652.0400000103,0.0005699648322267947,0.43421999999999994,1,1161671.75,17.491918563842773,7.260528564453125
25790,0.0,0.0005870637771935985,0.4341999999999999,5,176803424.0,17.491701126098633,6.733554363250732
25791,0.0,0.0005929344149655345,0.4341799999999999,4,76700608.0,17.491905212402344,2.666008234024048
25792,0.0,0.0005988637591151899,0.4341599999999999,4,838975.0,23.085430145263672,8.798084259033203
25793,0.0,0.0006048523967063418,0.43413999999999986,4,2700664.0,23.66390037536621,3.6085777282714844
25794,0.0,0.0006109009206734053,0.43411999999999995,4,4261051.0,24.280412673950195,5.189999580383301
25795,0.0,0.0006170099298801393,0.43409999999999993,4,4343595.5,24.78385353088379,2.3263721466064453
25796,0.0,0.0006108398305813379,0.4340799999999999,2,6309412.0,24.937042236328125,3.556968927383423
25797,0.0,0.0006291650254987781,0.4340599999999999,5,145745760.0,25.218456268310547,7.858483791351318
25798,0.0,0.0006794982275386804,0.43403999999999987,6,30307762.0,24.940166473388672,11.751697540283203
25799,0.0,0.000625138369335586,0.43401999999999996,0,183718032.0,24.73895835876465,9.14577579498291
25800,0.0,0.0006751494388824329,0.43399999999999994,6,565466.875,24.93636703491211,7.301676273345947
25801,0.0,0.0007291613939930275,0.4339799999999999,6,461379488.0,24.451866149902344,4.14602518081665
25802,0.0,0.0007874943055124698,0.4339599999999999,6,10758323.0,24.37297248840332,4.545253753662109
25803,0.0,0.0007796193624573451,0.4339399999999999,2,7124582.0,24.322509765625,6.304541110992432
25804,0.0,0.0007874155560819185,0.43391999999999986,4,160496640.0,24.575225830078125,5.729475021362305
25805,0.0,0.0007874155560819185,0.43389999999999995,3,66741256.0,24.43290138244629,4.598217964172363
25806,0.0,0.0007952897116427377,0.43387999999999993,4,348953184.0,24.593402862548828,4.447192192077637
25807,0.0,0.0008589128885741568,0.4338599999999999,6,8836678.0,24.667213439941406,3.3414268493652344
25808,0.0,0.0008589128885741568,0.4338399999999999,3,9135860.0,24.705610275268555,4.948436737060547
25809,0.0,0.0009276259196600895,0.4338199999999999,6,461470.40625,24.87397575378418,10.180161476135254
25810,0.0,0.0009369021788566904,0.43379999999999996,4,99689200.0,24.825597763061523,2.8023416996002197
25811,0.0,0.0010118543531652258,0.43377999999999994,6,5335792.0,24.88878059387207,9.623623847961426
25812,0.0,0.0010928027014184439,0.4337599999999999,6,1819849.5,24.653850555419922,15.199206352233887
25813,0.0,0.0011802269175319195,0.4337399999999999,6,24295264.0,24.447891235351562,8.589062690734863
25814,0.0,0.0012746450709344732,0.4337199999999999,6,7834324.5,24.337656021118164,1.0617647171020508
25815,0.0,0.0012746450709344732,0.43369999999999986,3,14987186.0,24.284809112548828,5.02817440032959
25816,0.0,0.001376616676609231,0.43367999999999995,6,361731424.0,24.440567016601562,4.53309965133667
25817,0.0,0.0013628505098431387,0.43365999999999993,2,685690.375,24.398645401000977,3.6167798042297363
25818,0.0,0.0013492220047447074,0.4336399999999999,2,77240992.0,24.647764205932617,7.011073112487793
25819,0.0,0.0012412842443651308,0.4336199999999999,0,10583398.0,24.778907775878906,2.9147181510925293
25820,0.0,0.0012040457170341768,0.4335999999999999,1,310228064.0,24.94064712524414,7.376333713531494
25821,0.0,0.0012401670885452021,0.43357999999999997,5,2280426.75,25.02275848388672,1.9059489965438843
25822,0.0,0.0012277654176597501,0.43355999999999995,2,290714208.0,24.973106384277344,2.470438003540039
25823,0.0,0.0012645983801895426,0.4335399999999999,5,12200996.0,25.1180419921875,8.274518966674805
25824,0.0,0.001302536331595229,0.4335199999999999,5,17113202.0,24.959495544433594,7.046334743499756
25825,0.0,0.0013416124215430859,0.4334999999999999,5,2704824.25,24.850858688354492,6.699182033538818
25826,0.0,0.0013818607941893785,0.43347999999999987,5,10870345.0,24.737478256225586,5.050133228302002
25827,0.0,0.00142331661801506,0.43345999999999996,5,208645.5625,24.63092803955078,5.339546203613281
25828,0.0,0.0014660161165555117,0.43343999999999994,5,142934512.0,24.60078239440918,3.021772861480713
25829,0.0,0.001509996600052177,0.4334199999999999,5,18981486.0,24.544397354125977,8.190386772155762
25830,0.0,0.0015250965660526987,0.4333999999999999,4,17066594.0,24.47554588317871,10.642450332641602
25831,0.0,0.0016471042913369148,0.4333799999999999,6,388304.75,24.264619827270508,14.682779312133789
25832,0.0,0.001663575334250284,0.43335999999999997,4,48025.125,24.137807846069336,3.2768733501434326
25833,0.0,0.0016136680742227755,0.43333999999999995,1,713075.4375,24.199308395385742,5.811790943145752
25834,0.0,0.0016136680742227755,0.4333199999999999,3,636771.5625,24.381261825561523,5.552890777587891
25835,0.0,0.0014845746282849536,0.4332999999999999,0,1982419.875,24.529327392578125,5.057223320007324
25836,0.0,0.00160334059854775,0.4332799999999999,6,352240992.0,24.821935653686523,1.2969204187393188
25837,0.0,0.0015873071925622724,0.43325999999999987,2,6744699.0,24.965959548950195,6.475510597229004
25838,0.0,0.0014603226171572906,0.43323999999999996,0,193626976.0,25.215810775756836,8.36032485961914
25839,0.0,0.0014165129386425719,0.43321999999999994,1,11851328.0,25.366506576538086,2.606745481491089
25840,0.0,0.0014023478092561462,0.4331999999999999,2,12551739.0,25.37640953063965,4.5005340576171875
25841,0.0,0.0014163712873487078,0.4331799999999999,4,467289.875,25.2996826171875,4.606161117553711
25842,0.0,0.0014022075744752208,0.4331599999999999,2,17952816.0,25.210372924804688,3.6191439628601074
25843,0.0,0.0013881854987304685,0.43313999999999986,2,435730.84375,25.088294982910156,12.110971450805664
25844,0.0,0.001277130658832031,0.43311999999999995,0,153923584.0,24.913991928100586,7.516960144042969
25845,0.0,0.0012643593522437108,0.43309999999999993,2,29051438.0,24.789152145385742,6.614847660064697
25846,0.0,0.0012517157587212738,0.4330799999999999,2,154883920.0,24.590700149536133,9.822996139526367
25847,0.0,0.001239198601134061,0.4330599999999999,2,15113358.0,24.513195037841797,1.5315546989440918
25848,0.0,0.001239198601134061,0.43303999999999987,3,6417389.5,24.45109748840332,5.778377056121826
25849,0.0,0.001239198601134061,0.43301999999999996,3,21458364.0,24.433761596679688,3.9151389598846436
25850,0.0,0.001239198601134061,0.43299999999999994,3,6748667.5,24.486860275268555,6.9425153732299805
25851,0.0,0.001239198601134061,0.4329799999999999,3,85835984.0,24.48935890197754,8.950690269470215
25852,0.0,0.0011400627130433362,0.4329599999999999,0,23692288.0,24.595069885253906,2.913217067718506
25853,0.0,0.0011400627130433362,0.4329399999999999,3,52398692.0,24.798906326293945,2.0865015983581543
25854,0.0,0.0011400627130433362,0.43291999999999986,3,151561008.0,24.78752899169922,10.546345710754395
25855,0.0,0.0011286620859129028,0.43289999999999995,2,24082126.0,24.80234146118164,4.013049125671387
25856,0.0,0.00116252194849029,0.43287999999999993,5,340735808.0,24.8447322845459,4.632922649383545
25857,0.0,0.0011276462900355812,0.4328599999999999,1,9260702.0,24.769718170166016,7.140202045440674
25858,0.0,0.0011276462900355812,0.4328399999999999,3,50237032.0,24.841636657714844,1.3173046112060547
25859,0.0,0.0012178579932384278,0.43281999999999987,6,229968656.0,24.827272415161133,3.705289602279663
25860,0.0,0.0011204293537793537,0.43279999999999996,0,6071180.0,24.806642532348633,3.3531527519226074
25861,0.0,0.0011540422343927345,0.43277999999999994,5,16290454.0,24.7544002532959,9.482392311096191
25862,0.0,0.0011540422343927345,0.4327599999999999,3,447973.0,24.721948623657227,5.962345600128174
25863,0.0,0.001142501812048807,0.4327399999999999,2,40539000.0,24.748029708862305,1.9866023063659668
25864,0.0,0.001142501812048807,0.4327199999999999,3,1371341.25,24.714988708496094,4.530734062194824
25865,0.0,0.001131076793928319,0.43269999999999986,2,9964806.0,24.75551986694336,3.6276278495788574
25866,0.0,0.0010405906504140537,0.43267999999999995,0,1591032.625,24.683149337768555,3.5123279094696045
25867,0.0,0.0010718083699264754,0.43265999999999993,5,2990811.0,24.51703643798828,5.963627815246582
25868,0.0,0.0009860637003323573,0.4326399999999999,0,180636.90625,24.630144119262695,5.832601547241211
25869,0.0,0.001064948796358946,0.4326199999999999,6,676946.1875,24.44510269165039,4.10069465637207
25870,0.0,0.001064948796358946,0.4325999999999999,3,171569.203125,24.71848487854004,6.637161731719971
25871,0.0,0.0010542993083953566,0.43257999999999996,2,16782208.0,24.710512161254883,8.029150009155273
25872,0.0,0.0010542993083953566,0.43255999999999994,3,6013208.0,24.741804122924805,8.73049259185791
25873,0.0,0.0010648423014793101,0.4325399999999999,4,187349696.0,24.88167953491211,5.92656946182251
25874,0.0,0.001150029685597655,0.4325199999999999,6,6393450.0,25.090970993041992,1.1146937608718872
25875,0.0,0.001150029685597655,0.4324999999999999,3,10609400.0,25.21456527709961,11.928378105163574
25876,0.0,0.001150029685597655,0.43247999999999986,3,15752179.0,25.029964447021484,7.063687324523926
25877,0.0,0.001150029685597655,0.43245999999999996,3,61932260.0,24.993112564086914,6.906932830810547
25878,6477457.080000002,0.000597057475331533,0.43243999999999994,3,7744657.0,24.660717010498047,4.784230709075928
25879,4313282.57,0.000597057475331533,0.4324199999999999,3,11640023.0,17.525550842285156,4.99854850769043
25880,2344749.7199999974,0.0005492928773050104,0.4323999999999999,0,186366848.0,17.526233673095703,2.0299816131591797
25881,1157788.5099999995,0.0005492928773050104,0.4323799999999999,3,37735448.0,17.52663803100586,6.96122932434082
25882,412754.00999999745,0.0005657716636241607,0.43235999999999997,5,153474896.0,17.527456283569336,4.386655330657959
25883,0.0,0.0006110333967140936,0.43233999999999995,6,6856727.5,17.527904510498047,6.1727423667907715
25884,0.0,0.0005927023948126708,0.4323199999999999,1,252575.671875,17.52836036682129,3.91290283203125
25885,0.0,0.0005452862032276571,0.4322999999999999,0,22392008.0,23.27547264099121,1.7211551666259766
25886,0.0,0.0005016633069694446,0.4322799999999999,0,2655044.0,23.578420639038086,5.132537841796875
25887,0.0,0.00046153024241188905,0.43225999999999987,0,4539484.0,24.030559539794922,2.768704414367676
25888,0.0,0.00042460782301893796,0.43223999999999996,0,24390596.0,24.42859649658203,6.301125526428223
25889,0.0,0.00041186958832836984,0.43221999999999994,1,149104768.0,24.55183219909668,11.070317268371582
25890,0.0,0.00041598828421165356,0.4321999999999999,4,4997660.0,24.72664451599121,1.7936410903930664
25891,0.0,0.0003827092214747213,0.4321799999999999,0,12058209.0,24.62057113647461,1.6432993412017822
25892,0.0,0.0003865363136894685,0.4321599999999999,4,346755328.0,24.79600715637207,11.137225151062012
25893,0.0,0.0003826709505525738,0.43213999999999997,2,2488304.75,24.424610137939453,8.17599105834961
25894,0.0,0.0003788442410470481,0.43211999999999995,2,13714188.0,24.53169059753418,6.20565938949585
25895,0.0,0.0003750557986365776,0.43209999999999993,2,2152377.25,24.382246017456055,8.348132133483887
25896,0.0,0.00040506026252750386,0.4320799999999999,6,6564600.5,24.252334594726562,11.1250581741333
25897,0.0,0.00039290845465167875,0.4320599999999999,1,5529251.5,23.878629684448242,10.1182279586792
25898,0.0,0.000388979370105162,0.43203999999999987,2,4868836.0,24.181537628173828,7.507440567016602
25899,0.0,0.0003773099890020071,0.43201999999999996,1,2498883.5,24.076900482177734,9.707630157470703
25900,0.0,0.00038862928867206735,0.43199999999999994,5,7030510.0,24.129194259643555,10.206274032592773
25901,0.0,0.0003769704100119053,0.4319799999999999,1,6870994.5,23.906108856201172,7.432733058929443
25902,0.0,0.00038074011411202437,0.4319599999999999,4,307933344.0,24.264400482177734,4.852575778961182
25903,0.0,0.00038074011411202437,0.4319399999999999,3,29127222.0,24.40928840637207,3.493328094482422
25904,0.0,0.0003693179106886636,0.43191999999999986,1,326506240.0,24.79528045654297,4.73943567276001
25905,0.0,0.00037301108979555025,0.43189999999999995,4,8674007.0,25.229272842407227,3.9498488903045654
25906,0.0,0.00037674120069350575,0.43187999999999993,4,14978124.0,25.354455947875977,5.098902225494385
25907,0.0,0.00037674120069350575,0.4318599999999999,3,11266488.0,25.52688217163086,8.988042831420898
25908,0.0,0.00038050861270044084,0.4318399999999999,4,87646072.0,25.686843872070312,5.340976715087891
25909,0.0,0.0003690933543194276,0.43181999999999987,1,12050653.0,25.710458755493164,2.3938612937927246
25910,0.0,0.0003690933543194276,0.43179999999999996,3,3058178.0,25.66834259033203,11.531705856323242
25911,0.0,0.0003690933543194276,0.43177999999999994,3,11918101.0,25.344615936279297,3.7134087085723877
25912,0.0,0.00035802055368984475,0.4317599999999999,1,2526343.75,25.019424438476562,6.541184902191162
25913,0.0,0.00035802055368984475,0.4317399999999999,3,82952104.0,24.79944610595703,5.683195114135742
25914,0.0,0.00035802055368984475,0.4317199999999999,3,4376477.5,24.30471420288086,13.153544425964355
25915,0.0,0.0003544403481529463,0.43169999999999986,2,4514581.0,23.892139434814453,12.054290771484375
25916,0.0,0.0003544403481529463,0.43167999999999995,3,17483916.0,23.64342498779297,6.5892558097839355
25917,0.0,0.0003544403481529463,0.43165999999999993,3,2656906.75,23.51903533935547,9.98992919921875
25918,0.0,0.0003650735585975347,0.4316399999999999,5,2673253.0,23.57805824279785,12.555401802062988
25919,0.0,0.00033586767390973195,0.4316199999999999,0,4458632.0,23.714523315429688,5.6503424644470215
25920,0.0,0.00032579164369244,0.4315999999999999,1,4809208.0,24.087848663330078,4.9611968994140625
25921,0.0,0.0003160178943816668,0.43157999999999996,1,23252452.0,24.393491744995117,8.895125389099121
25922,0.0,0.00034129932593220016,0.43155999999999994,6,1267566.125,24.741662979125977,7.071105003356934
25923,0.0,0.0003447123191915222,0.4315399999999999,4,25513872.0,24.878677368164062,9.891786575317383
25924,0.0,0.0003447123191915222,0.4315199999999999,3,3286139.75,25.205575942993164,1.0811536312103271
25925,0.0,0.00037228930472684395,0.4314999999999999,6,1927967.625,25.41339874267578,6.922392845153809
25926,0.0,0.0004020724491049915,0.43147999999999986,6,11159788.0,25.3521671295166,10.48342514038086
25927,0.0,0.0004060931735960414,0.43145999999999995,4,9665105.0,25.24614143371582,5.697846412658691
25928,0.0,0.0004182759688039227,0.43143999999999993,5,2427110.5,25.21826934814453,0.8492043018341064
25929,0.0,0.0004182759688039227,0.4314199999999999,3,3678468.75,25.006103515625,11.391281127929688
25930,0.0,0.00040572768973980497,0.4313999999999999,1,443288.46875,24.873018264770508,2.9649832248687744
25931,0.0,0.0003732694745606206,0.4313799999999999,0,196544672.0,24.79108238220215,4.004343509674072
25932,0.0,0.00034340791659577096,0.43135999999999997,0,29737972.0,24.65679931640625,7.018310546875
25933,0.0,0.0003159352832681093,0.43133999999999995,0,13276113.0,24.562850952148438,3.7376291751861572
25934,0.0,0.0003254133417661526,0.4313199999999999,5,556247.3125,24.56218719482422,1.4802414178848267
25935,0.0,0.0002993802744248604,0.4312999999999999,0,9228386.0,24.518640518188477,6.159809112548828
25936,0.0,0.0002754298524708716,0.4312799999999999,0,194593088.0,24.66151237487793,1.7423925399780273
25937,0.0,0.00025339546427320187,0.43125999999999987,0,21322004.0,24.6916561126709,8.163835525512695
25938,0.0,0.00023312382713134574,0.43123999999999996,0,192522336.0,24.658018112182617,10.296540260314941
25939,0.0,0.0002144739209608381,0.43121999999999994,0,15407092.0,24.682464599609375,3.3981893062591553
25940,0.0,0.0002144739209608381,0.4311999999999999,3,55698384.0,24.781490325927734,1.4730801582336426
25941,0.0,0.00019731600728397107,0.4311799999999999,0,384954720.0,24.86678123474121,6.70240592956543
25942,0.0,0.00019534284721113134,0.4311599999999999,2,174325872.0,25.007570266723633,2.194666862487793
25943,0.0,0.0001894825617947974,0.43113999999999997,1,69852816.0,24.959556579589844,11.558403968811035
25944,0.0,0.00017432395685121362,0.43111999999999995,0,58433796.0,24.86675262451172,10.003482818603516
25945,0.0,0.00017955367555675005,0.4310999999999999,5,3127555.25,24.690893173217773,10.600114822387695
25946,0.0,0.00016518938151221005,0.4310799999999999,0,69044.625,24.414844512939453,8.049976348876953
25947,0.0,0.00016023370006684374,0.4310599999999999,1,10917053.0,24.37041473388672,4.379899978637695
25948,0.0,0.0001586313630661753,0.43103999999999987,2,133376.71875,24.368492126464844,3.4674665927886963
25949,0.0,0.00014594085402088128,0.43101999999999996,0,197570432.0,24.4257755279541,2.556450128555298
25950,0.0,0.00014156262840025484,0.43099999999999994,1,133982744.0,24.541526794433594,5.166388511657715
25951,0.0,0.0001401470021162523,0.4309799999999999,2,11312912.0,24.72003936767578,6.136233806610107
25952,0.0,0.00013594259205276473,0.4309599999999999,1,55494532.0,24.891983032226562,2.9401588439941406
25953,0.0,0.0001318643142911818,0.4309399999999999,1,1923355.375,25.011165618896484,5.829019546508789
25954,0.0,0.00013054567114826997,0.43091999999999986,2,10475808.0,25.175329208374023,3.3899383544921875
25955,0.0,0.00012924021443678726,0.43089999999999995,2,16932496.0,25.345260620117188,6.010848045349121
25956,0.0,0.0001279478122924194,0.43087999999999993,2,177621248.0,25.429277420043945,2.6751675605773926
25957,0.0,0.00013818363727581296,0.4308599999999999,6,30146928.0,25.34658432006836,6.692176342010498
25958,0.0,0.00013680180090305482,0.4308399999999999,2,132857288.0,25.28845977783203,5.586909770965576
25959,0.0,0.00013543378289402428,0.43081999999999987,2,14171917.0,25.097230911254883,7.220835208892822
25960,0.0,0.00013407944506508405,0.43079999999999996,2,412180032.0,24.898595809936523,6.134188652038574
25961,0.0,0.0001327386506144332,0.43077999999999994,2,4694948.5,24.680150985717773,7.730499744415283
25962,0.0,0.0001327386506144332,0.4307599999999999,3,124493544.0,24.45650863647461,8.372444152832031
25963,0.0,0.0001327386506144332,0.4307399999999999,3,499637.3125,24.39027214050293,4.808160781860352
25964,0.0,0.0001327386506144332,0.4307199999999999,3,176312928.0,24.293670654296875,11.100871086120605
25965,0.0,0.0001327386506144332,0.43069999999999986,3,2195584.0,24.353389739990234,2.1591415405273438
25966,0.0,0.0001367208101328662,0.43067999999999995,5,29606272.0,24.484825134277344,4.192868232727051
25967,0.0,0.00013261918582888022,0.43065999999999993,1,3456687.25,24.73914337158203,9.339824676513672
25968,0.0,0.00013394537768716903,0.4306399999999999,4,1270253.0,24.656919479370117,5.274155139923096
25969,0.0,0.00013528483146404074,0.4306199999999999,4,32483.26171875,24.809646606445312,1.5491702556610107
25970,0.0,0.00013663767977868115,0.43059999999999987,4,130934.359375,24.69405174255371,2.163821220397949
25971,0.0,0.00013800405657646796,0.43057999999999996,4,21064972.0,24.449914932250977,4.247875213623047
25972,0.0,0.000142144178273762,0.43055999999999994,5,7110377.5,24.014619827270508,3.8893704414367676
25973,0.0,0.00014640850362197485,0.4305399999999999,5,73248896.0,23.257614135742188,14.928352355957031
25974,4734248.11,0.0005057343895712956,0.4305199999999999,0,347623584.0,22.429973602294922,6.317955017089844
25975,3032779.08,0.0005461931407369993,0.4304999999999999,6,19244892.0,17.55219268798828,7.666739463806152
25976,1474929.3600000031,0.0005516550721443692,0.43047999999999986,4,105213616.0,17.55107879638672,4.011394023895264
25977,614300.4300000034,0.0005682047243087004,0.43045999999999995,5,173816.0,17.550434112548828,4.848545074462891
25978,0.0,0.0005852508660379613,0.43043999999999993,5,48257652.0,17.54990005493164,5.394876956939697
25979,0.0,0.0005384307967549244,0.4304199999999999,0,101992160.0,17.549095153808594,11.653091430664062
25980,0.0,0.0005330464887873752,0.4303999999999999,2,3558706.75,22.110322952270508,9.46859359741211
25981,0.0,0.0005277160238995014,0.4303799999999999,2,21469666.0,24.120943069458008,4.888846397399902
25982,0.0,0.0005277160238995014,0.43035999999999996,3,8476867.0,24.403600692749023,8.25472640991211
25983,0.0,0.0005277160238995014,0.43033999999999994,3,338294976.0,24.38671112060547,5.913974285125732
25984,0.0,0.0005224388636605064,0.4303199999999999,2,2451595.0,24.477094650268555,6.448638916015625
25985,0.0,0.0005172144750239013,0.4302999999999999,2,148764.421875,24.78902816772461,2.0060198307037354
25986,0.0,0.0005223866197741403,0.4302799999999999,4,102526488.0,24.963054656982422,6.75294828414917
25987,0.0,0.0005380582183673646,0.43025999999999986,5,10476677.0,24.88874053955078,5.2869648933410645
25988,0.0,0.0005434388005510383,0.43023999999999996,4,3925150.5,24.849008560180664,6.129019737243652
25989,0.0,0.0005869139045951214,0.43021999999999994,6,102532.3671875,24.995317459106445,2.9313645362854004
25990,0.0,0.0005927830436410726,0.4301999999999999,4,12050798.0,24.80133056640625,7.328492164611816
25991,0.0,0.0005987108740774833,0.4301799999999999,4,7797692.5,24.812782287597656,8.469717025756836
25992,0.0,0.000646607744003682,0.4301599999999999,6,62352988.0,24.6995849609375,3.0859391689300537
25993,0.0,0.0006530738214437188,0.43013999999999997,4,3257165.5,24.32151985168457,16.473384857177734
25994,0.0,0.000659604559658156,0.43011999999999995,4,974680.6875,24.170917510986328,8.427730560302734
25995,0.0,0.0007123729244308086,0.4300999999999999,6,54142788.0,24.01527214050293,6.439690113067627
25996,0.0,0.0007337441121637329,0.4300799999999999,5,10287501.0,23.832101821899414,6.245275974273682
25997,0.0,0.0007557564355286448,0.4300599999999999,5,3486278.0,23.851165771484375,7.80989933013916
25998,0.0,0.0007633139998839312,0.43003999999999987,4,857352.25,23.928247451782227,9.738919258117676
25999,0.0,0.0007862134198804492,0.43001999999999996,5,830339.25,24.035873413085938,8.960860252380371
26000,0.0,0.0008097998224768627,0.42999999999999994,5,13317081.0,24.174795150756836,5.062672138214111
26001,0.0,0.0008178978207016314,0.4299799999999999,4,38508396.0,24.333629608154297,11.073511123657227
26002,0.0,0.000809718842494615,0.4299599999999999,2,39031712.0,24.47661018371582,7.02072811126709
26003,0.0,0.0008016216540696688,0.4299399999999999,2,19324158.0,24.63454818725586,9.149866104125977
26004,0.0,0.0007936054375289721,0.42991999999999986,2,1513101.5,24.700363159179688,4.678153991699219
26005,0.0,0.0007856693831536824,0.42989999999999995,2,4232870.5,24.82318878173828,3.795081615447998
26006,0.0,0.0007778126893221456,0.42987999999999993,2,4356315.0,24.8602294921875,8.95173454284668
26007,0.0,0.0007700345624289241,0.4298599999999999,2,15071802.0,24.88832664489746,2.8495428562164307
26008,0.0,0.0007623342168046349,0.4298399999999999,2,17180782.0,24.894676208496094,3.9667611122131348
26009,0.0,0.0007547108746365885,0.42981999999999987,2,13155015.0,24.885892868041992,7.490145683288574
26010,0.0,0.0008150877446075157,0.42979999999999996,6,3909952.0,24.772199630737305,12.36596965789795
26011,0.0,0.0008232386220535908,0.42977999999999994,4,177779872.0,24.539934158325195,3.006274938583374
26012,0.0,0.0008150062358330549,0.4297599999999999,2,3275143.0,24.59247589111328,4.524813652038574
26013,0.0,0.0007498057369664105,0.4297399999999999,0,16572331.0,24.694353103637695,3.6576507091522217
26014,0.0,0.0007423076795967464,0.4297199999999999,2,416925.625,24.760305404663086,5.262401580810547
26015,0.0,0.0007497307563927139,0.42969999999999986,4,9968982.0,24.773197174072266,1.674027442932129
26016,0.0,0.000757228063956641,0.42967999999999995,4,8819606.0,24.83080291748047,3.9031155109405518
26017,0.0,0.0007345112220379417,0.42965999999999993,1,7275722.5,24.98154067993164,5.67028284072876
26018,0.0,0.00075654655869908,0.4296399999999999,5,2827277.25,25.071123123168945,6.683045864105225
26019,0.0,0.0006960228340031537,0.4296199999999999,0,7900215.0,25.04269027709961,4.3003740310668945
26020,0.0,0.0007029830623431852,0.42959999999999987,4,1324959.625,25.0589599609375,9.493741035461426
26021,0.0,0.0006467444173557304,0.42957999999999996,0,3115942.0,24.775938034057617,10.89419174194336
26022,0.0,0.000640276973182173,0.42955999999999994,2,8953582.0,24.63373565673828,5.897562026977539
26023,0.0,0.0005890548153275993,0.4295399999999999,0,318160672.0,24.49501609802246,4.878393173217773
26024,0.0,0.0006067264597874272,0.4295199999999999,5,54540820.0,24.49100112915039,4.905754566192627
26025,0.0,0.0006249282535810501,0.4294999999999999,5,251409.75,24.273542404174805,12.447859764099121
26026,0.0,0.0006249282535810501,0.42947999999999986,3,4400522.5,24.253618240356445,4.151455879211426
26027,0.0,0.0006311775361168607,0.42945999999999995,4,194258880.0,24.298072814941406,7.16135311126709
26028,0.0,0.0006311775361168607,0.42943999999999993,3,327269536.0,24.26910972595215,8.245965003967285
26029,0.0,0.0006501128622003665,0.4294199999999999,5,6124830.0,24.334869384765625,2.952899932861328
26030,0.0,0.0006696162480663776,0.4293999999999999,5,338475360.0,24.46810531616211,3.5208280086517334
26031,0.0,0.0006897047355083689,0.4293799999999999,5,185829104.0,24.70372772216797,3.274583339691162
26032,0.0,0.0006828076881532852,0.42935999999999996,2,541802.125,24.87612533569336,4.4769158363342285
26033,0.0,0.0006896357650348181,0.42933999999999994,4,17184968.0,25.064374923706055,4.6008172035217285
26034,0.0,0.0007448066262376036,0.4293199999999999,6,3949129.5,25.01169776916504,10.427630424499512
26035,0.0,0.000804391156336612,0.4292999999999999,6,117405968.0,24.93105125427246,5.006124973297119
26036,0.0,0.0008124350678999781,0.4292799999999999,4,19626602.0,24.899250030517578,2.2800447940826416
26037,0.0,0.0007880620158629788,0.42925999999999986,1,7044840.5,24.832721710205078,2.3773410320281982
26038,0.0,0.000780181395704349,0.42923999999999995,2,8283928.0,24.771390914916992,6.432231426239014
26039,0.0,0.0007567759538332185,0.42921999999999993,1,15684104.0,24.707761764526367,4.015563011169434
26040,0.0,0.0007340726752182219,0.4291999999999999,1,15272390.0,24.744836807250977,0.935168445110321
26041,0.0,0.0007560948554747686,0.4291799999999999,5,9211876.0,24.723369598388672,7.855020523071289
26042,0.0,0.0008165824439127501,0.4291599999999999,6,136886.3125,24.59221649169922,4.82410192489624
26043,0.0,0.0008410799172301327,0.42913999999999997,5,26722718.0,24.589956283569336,1.446520447731018
26044,0.0,0.0007737935238517221,0.42911999999999995,0,7841871.0,24.671205520629883,2.136791706085205
26045,0.0,0.0007815314590902394,0.4290999999999999,4,26308284.0,24.697856903076172,6.277828216552734
26046,0.0,0.0007815314590902394,0.4290799999999999,3,22360106.0,24.686336517333984,6.898000240325928
26047,0.0,0.0007893467736811417,0.4290599999999999,4,6127828.5,24.74816131591797,2.586364269256592
26048,0.0,0.0007893467736811417,0.42903999999999987,3,903602.3125,24.783180236816406,4.100953578948975
26049,0.0,0.0008130271768915761,0.42901999999999996,5,3540589.0,24.956172943115234,5.145839214324951
26050,0.0,0.00074798500274025,0.42899999999999994,0,2333829.25,24.884244918823242,12.116016387939453
26051,0.0,0.0007554648527676526,0.4289799999999999,4,12274857.0,24.716840744018555,2.8394298553466797
26052,0.0,0.0007630195012953291,0.4289599999999999,4,11491430.0,24.78038215637207,8.457174301147461
26053,0.0,0.000785910086334189,0.4289399999999999,5,47735668.0,24.72361946105957,5.0276780128479
26054,0.0,0.000793769187197531,0.42891999999999997,4,2336747.0,24.692747116088867,7.232266902923584
26055,0.0,0.0008175822628134569,0.42889999999999995,5,387950.1875,24.763362884521484,3.557996988296509
26056,0.0,0.0008421097306978607,0.42887999999999993,5,46079920.0,24.874187469482422,2.42655086517334
26057,0.0,0.0008673730226187965,0.4288599999999999,5,1476481.0,24.929672241210938,5.053347110748291
26058,0.0,0.0008586992923926086,0.4288399999999999,2,7578534.0,25.018712997436523,6.663121223449707
26059,0.0,0.0008586992923926086,0.42881999999999987,3,21298584.0,24.848106384277344,7.828596115112305
26060,0.0,0.0008586992923926086,0.42879999999999996,3,14565310.0,24.976451873779297,4.119991302490234
26061,0.0,0.0008501122994686825,0.42877999999999994,2,26826592.0,25.062135696411133,5.503993034362793
26062,0.0,0.0008501122994686825,0.4287599999999999,3,4831035.0,25.102611541748047,2.289365768432617
26063,0.0,0.0008501122994686825,0.4287399999999999,3,2986382.0,25.21656036376953,6.176486015319824
26064,0.0,0.0008416111764739956,0.4287199999999999,2,3757152.25,24.942916870117188,12.396858215332031
26065,0.0,0.0009089400705919154,0.42869999999999986,6,107410016.0,24.42970848083496,3.3586223125457764
26066,0.0,0.0009180294712978345,0.42867999999999995,4,471651.375,24.127939224243164,3.108734130859375
26067,0.0,0.0009180294712978345,0.42865999999999993,3,3083790.5,23.596479415893555,6.840325355529785
26068,0.0,0.0009914718290016614,0.4286399999999999,6,53271136.0,23.105697631835938,4.587373733520508
26069,4630614.860000003,0.0007160469935390543,0.4286199999999999,6,9301361.0,22.478256225585938,9.680767059326172
26070,3702686.6000000024,0.0007733307530221787,0.42859999999999987,6,20846750.0,17.576021194458008,9.971146583557129
26071,3308674.490000002,0.000796530675612844,0.42857999999999996,5,10582390.0,17.575607299804688,9.918072700500488
26072,2778385.2200000025,0.0008602531296618716,0.42855999999999994,6,11107864.0,17.57489585876465,7.168556213378906
26073,2314532.030000001,0.0009290733800348214,0.4285399999999999,6,2942528.5,17.575298309326172,7.430568218231201
26074,1301609.830000002,0.0009383641138351696,0.4285199999999999,4,2881081.25,17.5761775970459,6.94285249710083
26075,1143325.960000002,0.0009477477549735213,0.4284999999999999,4,58677.63671875,17.577800750732422,2.9767353534698486
26076,821820.7500000021,0.0009572252325232565,0.42847999999999986,4,380337344.0,17.57974624633789,4.882165908813477
26077,747694.9400000022,0.000947652980198024,0.42845999999999995,2,7105474.5,17.581724166870117,4.660305023193359
26078,586248.5200000022,0.0009381764503960437,0.42843999999999993,2,348446112.0,17.5835018157959,6.339601039886475
26079,453672.55000000226,0.0009287946858920833,0.4284199999999999,2,64528300.0,17.584627151489258,7.777714729309082
26080,326250.9500000022,0.0009195067390331624,0.4283999999999999,2,50974380.0,17.585094451904297,11.95810317993164
26081,92495.50000000244,0.000928701806423494,0.42837999999999987,4,183754448.0,17.584922790527344,8.35360336303711
26082,0.0,0.0008544056619096146,0.42835999999999996,0,16827566.0,17.58536148071289,4.684022903442383
26083,0.0,0.0008544056619096146,0.42833999999999994,3,12652379.0,17.585020065307617,9.507506370544434
26084,0.0,0.0008544056619096146,0.4283199999999999,3,365219808.0,24.906038284301758,7.072728157043457
26085,0.0,0.0008629497185287107,0.4282999999999999,4,379749.125,24.68741798400879,8.121910095214844
26086,0.0,0.0008543202213434236,0.4282799999999999,2,28314260.0,24.300260543823242,11.32784652709961
26087,0.0,0.0008543202213434236,0.42825999999999986,3,4221731.5,24.32520294189453,4.893136024475098
26088,0.0,0.0008457770191299894,0.42823999999999995,2,351346336.0,24.20909881591797,2.8103103637695312
26089,0.0,0.0008373192489386895,0.42821999999999993,2,12108291.0,24.3485107421875,7.121726989746094
26090,0.0,0.0009043047888537848,0.4281999999999999,6,16227592.0,24.385089874267578,11.49045467376709
26091,0.0,0.0008771756451881712,0.4281799999999999,1,4342213.0,24.12338638305664,14.556414604187012
26092,0.0,0.0008684038887362895,0.4281599999999999,2,4273391.5,24.47418975830078,7.255410194396973
26093,0.0,0.0007989315776373864,0.42813999999999997,0,153985648.0,24.538066864013672,6.927487850189209
26094,0.0,0.0007749636303082648,0.42811999999999995,1,498643.125,24.832420349121094,9.308780670166016
26095,0.0,0.0007982125392175128,0.4280999999999999,5,4711192.0,24.943614959716797,8.372503280639648
26096,0.0,0.0007343555360801118,0.4280799999999999,0,13157832.0,24.842927932739258,10.763016700744629
26097,0.0,0.0007123248699977085,0.4280599999999999,1,39224876.0,25.220996856689453,5.071885585784912
26098,0.0,0.0007052016212977314,0.42803999999999987,2,156898976.0,25.326480865478516,1.5941097736358643
26099,0.0,0.000698149605084754,0.42801999999999996,2,155145904.0,25.44059181213379,2.5899529457092285
26100,0.0,0.0007051311011356015,0.42799999999999994,4,69852272.0,25.456398010253906,10.739654541015625
26101,0.0,0.0007121824121469575,0.4279799999999999,4,30486908.0,25.32605743408203,7.60578727722168
26102,0.0,0.0007193042362684271,0.4279599999999999,4,2698709.5,25.290822982788086,8.333796501159668
26103,0.0,0.0007264972786311113,0.4279399999999999,4,328694.8125,25.19037628173828,8.901627540588379
26104,0.0,0.0007264972786311113,0.42791999999999997,3,19394774.0,25.10997772216797,4.82587194442749
26105,0.0,0.0007264972786311113,0.42789999999999995,3,665767.5625,25.071216583251953,4.174068450927734
26106,0.0,0.0007264972786311113,0.4278799999999999,3,79541312.0,24.866254806518555,8.06912899017334
26107,0.0,0.0007264972786311113,0.4278599999999999,3,38873908.0,24.680931091308594,6.102990627288818
26108,0.0,0.000704702360272178,0.4278399999999999,1,4376525.0,24.500953674316406,7.226738452911377
26109,0.0,0.000704702360272178,0.42781999999999987,3,25688746.0,24.472145080566406,7.038608551025391
26110,0.0,0.0006976553366694561,0.42779999999999996,2,312081472.0,24.402339935302734,8.532309532165527
26111,0.0,0.0007185849967695398,0.42777999999999994,5,162022.625,24.552093505859375,3.592933177947998
26112,0.0,0.0007185849967695398,0.4277599999999999,3,4602511.0,24.67160987854004,3.688305616378784
26113,0.0,0.0007185849967695398,0.4277399999999999,3,317061024.0,24.84295082092285,10.238749504089355
26114,0.0,0.0007185849967695398,0.4277199999999999,3,63065720.0,24.882625579833984,9.50206470489502
26115,0.0,0.0007401425466726261,0.42769999999999986,5,32609602.0,24.880889892578125,6.007283687591553
26116,0.0,0.0007401425466726261,0.42767999999999995,3,66580996.0,24.80154037475586,5.772373199462891
26117,0.0,0.0007401425466726261,0.42765999999999993,3,7474165.5,24.79425811767578,8.38505744934082
26118,0.0,0.0007401425466726261,0.4276399999999999,3,15971854.0,24.763952255249023,8.299150466918945
26119,0.0,0.0007401425466726261,0.4276199999999999,3,17363400.0,24.764930725097656,3.8605024814605713
26120,0.0,0.0007401425466726261,0.42759999999999987,3,4583124.5,24.78240966796875,1.957153081893921
26121,0.0,0.0007327411212058998,0.42757999999999996,2,4806152.5,24.8377628326416,3.308326244354248
26122,0.0,0.0007327411212058998,0.42755999999999994,3,8010194.5,24.96805191040039,4.275808811187744
26123,0.0,0.0007400685324179588,0.4275399999999999,4,21582872.0,24.939537048339844,11.182621002197266
26124,0.0,0.0007622705883904976,0.4275199999999999,5,59728360.0,24.903003692626953,5.069015979766846
26125,0.0,0.0007546478825065925,0.4274999999999999,2,4470564.0,24.93569564819336,0.8869190216064453
26126,0.0,0.0007621943613316585,0.42747999999999986,4,10227551.0,24.995389938354492,5.003475189208984
26127,0.0,0.0007698163049449751,0.42745999999999995,4,158965344.0,24.930116653442383,4.313886642456055
26128,0.0,0.0007467218157966258,0.42743999999999993,1,3397495.75,24.90674591064453,3.0058841705322266
26129,0.0,0.000724320161322727,0.4274199999999999,1,15105482.0,24.880359649658203,8.102649688720703
26130,0.0,0.0007822657742285452,0.4273999999999999,6,10395906.0,24.863079071044922,1.4297964572906494
26131,0.0,0.0007587978010016888,0.42737999999999987,1,16726920.0,24.7672061920166,4.719618797302246
26132,0.0,0.0007512098229916719,0.42735999999999996,2,11935060.0,24.781856536865234,11.154000282287598
26133,0.0,0.0007587219212215886,0.42733999999999994,4,122828.2109375,24.693038940429688,5.947134971618652
26134,0.0,0.0008194196749193157,0.4273199999999999,6,12967496.0,24.634424209594727,4.373802185058594
26135,0.0,0.0007538661009257705,0.4272999999999999,0,17688756.0,24.555606842041016,5.825401782989502
26136,0.0,0.0008141753889998322,0.4272799999999999,6,12819065.0,24.609037399291992,3.809321165084839
26137,0.0,0.0008141753889998322,0.42725999999999986,3,1193140.5,24.570518493652344,2.959071636199951
26138,0.0,0.0008386006506698273,0.42723999999999995,5,1330647.75,24.787227630615234,1.5503398180007935
26139,0.0,0.0008637586701899221,0.42721999999999993,5,30923040.0,24.809919357299805,12.235252380371094
26140,0.0,0.0008637586701899221,0.4271999999999999,3,35061348.0,24.967212677001953,2.252527952194214
26141,0.0,0.0007946579765747284,0.4271799999999999,0,643814.125,25.215795516967773,2.3416664600372314
26142,0.0,0.0008184977158719703,0.4271599999999999,5,1881323.625,25.26978302001953,11.130830764770508
26143,0.0,0.0008266826930306899,0.42713999999999996,4,212310448.0,25.199981689453125,4.493525505065918
26144,0.0,0.0008018822122397692,0.42711999999999994,1,10698332.0,25.238454818725586,3.401571750640869
26145,0.0,0.0008660327892189508,0.4270999999999999,6,327356960.0,25.107383728027344,10.689516067504883
26146,0.0,0.0009353154123564669,0.4270799999999999,6,2320490.0,24.95879554748535,3.489297866821289
26147,0.0,0.0009072559499857729,0.4270599999999999,1,6819566.5,24.75588035583496,8.807405471801758
26148,0.0,0.0009072559499857729,0.42703999999999986,3,4528221.0,24.582334518432617,4.1958465576171875
26149,0.0,0.0008346754739869111,0.42701999999999996,0,10329376.0,24.576499938964844,5.307563781738281
26150,0.0,0.0008346754739869111,0.42699999999999994,3,35368568.0,24.352344512939453,5.000982284545898
26151,0.0,0.0008096352097673037,0.4269799999999999,1,30154898.0,24.51996612548828,3.014535903930664
26152,0.0,0.0008096352097673037,0.4269599999999999,3,22750180.0,24.343059539794922,11.735458374023438
26153,0.0,0.0007853461534742846,0.4269399999999999,1,4555738.5,24.32278060913086,12.610567092895508
26154,0.0,0.0007853461534742846,0.42691999999999997,3,5339125.5,24.153661727905273,9.47059440612793
26155,0.0,0.0007853461534742846,0.42689999999999995,3,10638090.0,24.276567459106445,6.428094387054443
26156,0.0,0.0007774926919395418,0.4268799999999999,2,4190000.5,24.439241409301758,4.565390586853027
26157,0.0,0.0007774926919395418,0.4268599999999999,3,225562416.0,24.59552574157715,6.148309707641602
26158,0.0,0.0007774926919395418,0.4268399999999999,3,4197859.0,24.84583854675293,8.786794662475586
26159,0.0,0.0007541679111813554,0.42681999999999987,1,4409112.5,24.754039764404297,7.037689208984375
26160,0.0,0.0007541679111813554,0.42679999999999996,3,5604585.5,24.384023666381836,2.6823556423187256
